9.704761505079999552e+03 1.802133334897547456e+00 2.000000000000000000e+00 5.979999999999999899e-02
9.634919721050000589e+03 1.787383892351334769e+00 2.000000000000000000e+00 7.280000000000000360e-02
9.691303920350001135e+03 1.775655727176786103e+00 2.000000000000000000e+00 7.019999999999999851e-02
9.723900708420000228e+03 1.747880716533673384e+00 2.000000000000000000e+00 6.569999999999999452e-02
9.678121466039998268e+03 1.735484310995076829e+00 2.000000000000000000e+00 7.639999999999999569e-02
9.553436385400000290e+03 1.726823776534028188e+00 2.000000000000000000e+00 1.038000000000000034e-01
9.481286798940000153e+03 1.727396495333800353e+00 2.000000000000000000e+00 1.194000000000000061e-01
9.269748895680000714e+03 1.698397651546188936e+00 2.000000000000000000e+00 1.305000000000000049e-01
9.181328544799998781e+03 1.691796127637983371e+00 2.000000000000000000e+00 1.373999999999999944e-01
9.101338336310000159e+03 1.693145659394599711e+00 2.000000000000000000e+00 1.443000000000000116e-01
9.072912196799999947e+03 1.698632616550385110e+00 2.000000000000000000e+00 1.489999999999999936e-01
8.811870849060000182e+03 1.661165095408523751e+00 2.000000000000000000e+00 1.542999999999999927e-01
8.866136494300000777e+03 1.685509945342070770e+00 2.000000000000000000e+00 1.585000000000000020e-01
8.875569450869999855e+03 1.718668143123534442e+00 2.000000000000000000e+00 1.593999999999999861e-01
8.942968294450000030e+03 1.756163747408540976e+00 2.000000000000000000e+00 1.562999999999999945e-01
9.028848382740001398e+03 1.772481601687670105e+00 2.000000000000000000e+00 1.466999999999999971e-01
9.128969869699998526e+03 1.780223885815910734e+00 2.000000000000000000e+00 1.388999999999999957e-01
9.299510006120000980e+03 1.768560204581818951e+00 2.000000000000000000e+00 1.398000000000000076e-01
9.264368329920000178e+03 1.753880671236079714e+00 2.000000000000000000e+00 1.471000000000000085e-01
9.353267704480000248e+03 1.736023613988184611e+00 2.000000000000000000e+00 1.501000000000000112e-01
9.360320478600000570e+03 1.713203886771411000e+00 2.000000000000000000e+00 1.491999999999999993e-01
9.406621375720000287e+03 1.696088767952532050e+00 2.000000000000000000e+00 1.454000000000000015e-01
9.321680615040000703e+03 1.676158743908603199e+00 2.000000000000000000e+00 1.444000000000000006e-01
9.409206981179999275e+03 1.694911149841735742e+00 2.000000000000000000e+00 1.463000000000000134e-01
9.604757014409999101e+03 1.721340083084138994e+00 2.000000000000000000e+00 1.472999999999999865e-01
1.064997161775000131e+04 1.891140598253143068e+00 2.000000000000000000e+00 1.441000000000000059e-01
1.135910411999999997e+04 2.002165927794717692e+00 2.000000000000000000e+00 1.373000000000000054e-01
1.166032119918999888e+04 2.020340557424525674e+00 2.000000000000000000e+00 1.117999999999999966e-01
1.178829999809000037e+04 2.000550395439118390e+00 2.000000000000000000e+00 8.559999999999999554e-02
1.117207470617000035e+04 1.856411503344673086e+00 2.000000000000000000e+00 5.639999999999999875e-02
1.045568771927999842e+04 1.735982952935003931e+00 2.000000000000000000e+00 5.559999999999999665e-02
9.925367344719999892e+03 1.683070316457491833e+00 2.000000000000000000e+00 8.079999999999999682e-02
9.560652675839999574e+03 1.652212739317400203e+00 2.000000000000000000e+00 1.077000000000000041e-01
9.324954783600000155e+03 1.634049560865438400e+00 2.000000000000000000e+00 1.285999999999999921e-01
9.239706548000000112e+03 1.627846625605472664e+00 2.000000000000000000e+00 1.386000000000000010e-01
9.261773452539999198e+03 1.647063372385260793e+00 2.000000000000000000e+00 1.439999999999999891e-01
9.343725726059999943e+03 1.681101694081967857e+00 2.000000000000000000e+00 1.468000000000000138e-01
9.414349797119999494e+03 1.708275068939439700e+00 2.000000000000000000e+00 1.466999999999999971e-01
9.423003114160001132e+03 1.716399741058380446e+00 2.000000000000000000e+00 1.449000000000000010e-01
9.406275660479999715e+03 1.726863918045175916e+00 2.000000000000000000e+00 1.451999999999999957e-01
9.375017469000000347e+03 1.745226476607287358e+00 2.000000000000000000e+00 1.479999999999999927e-01
9.356260048399999505e+03 1.765466587242004337e+00 2.000000000000000000e+00 1.491000000000000103e-01
9.380990992479999477e+03 1.779306928260738330e+00 2.000000000000000000e+00 1.481000000000000094e-01
9.399990243280000868e+03 1.789558435282611049e+00 2.000000000000000000e+00 1.472999999999999865e-01
9.461780967409998993e+03 1.805592704675000659e+00 2.000000000000000000e+00 1.463000000000000134e-01
9.555769356839999091e+03 1.819504329437355850e+00 2.000000000000000000e+00 1.431999999999999940e-01
9.514454875199999151e+03 1.795409770372069946e+00 4.000000000000000000e+00 1.406999999999999917e-01
9.483347190499998760e+03 1.772968837178508839e+00 4.000000000000000000e+00 1.429999999999999882e-01
9.589715340749999086e+03 1.772579081207141805e+00 4.000000000000000000e+00 1.458000000000000129e-01
9.886359741450000001e+03 1.786180575000866355e+00 4.000000000000000000e+00 1.383000000000000063e-01
1.031064108970000052e+04 1.787675279442149767e+00 4.000000000000000000e+00 1.163000000000000006e-01
1.126242048833999979e+04 1.854550360402580811e+00 4.000000000000000000e+00 8.390000000000000235e-02
1.243147494595000171e+04 1.963042317392499125e+00 2.000000000000000000e+00 5.430000000000000104e-02
1.270038349391999873e+04 1.961474629075967480e+00 2.000000000000000000e+00 3.880000000000000115e-02
1.258994360400000005e+04 1.941634998315334260e+00 2.000000000000000000e+00 3.910000000000000281e-02
1.232583040105999862e+04 1.934516417005778699e+00 2.000000000000000000e+00 5.940000000000000141e-02
1.155363847486000122e+04 1.875823120550862866e+00 2.000000000000000000e+00 9.160000000000000087e-02
1.062079719600000135e+04 1.777032513711822137e+00 2.000000000000000000e+00 1.202000000000000013e-01
1.011259932251999999e+04 1.730271390633725925e+00 2.000000000000000000e+00 1.350999999999999979e-01
9.809700430119999510e+03 1.707062539544663471e+00 2.000000000000000000e+00 1.388000000000000067e-01
9.685656767670001500e+03 1.726998533509389366e+00 2.000000000000000000e+00 1.396000000000000019e-01
9.673291280699999334e+03 1.757840857510899912e+00 2.000000000000000000e+00 1.406999999999999917e-01
9.643146010159998696e+03 1.771922393116175387e+00 2.000000000000000000e+00 1.409999999999999865e-01
9.655266947399999481e+03 1.784232837620174594e+00 2.000000000000000000e+00 1.416999999999999926e-01
9.649659809600001608e+03 1.794203087060116220e+00 2.000000000000000000e+00 1.426000000000000045e-01
9.655336867139998503e+03 1.807323133171284901e+00 2.000000000000000000e+00 1.449000000000000010e-01
9.636415666310000233e+03 1.809371643106051364e+00 2.000000000000000000e+00 1.481000000000000094e-01
9.627617303639999591e+03 1.806160824212122762e+00 2.000000000000000000e+00 1.486999999999999988e-01
9.623071298400000160e+03 1.804280031022539754e+00 2.000000000000000000e+00 1.489999999999999936e-01
9.619934692480001104e+03 1.796676684671179691e+00 2.000000000000000000e+00 1.477999999999999869e-01
9.601707057379999242e+03 1.789356204442052123e+00 2.000000000000000000e+00 1.484999999999999931e-01
9.590140186739998171e+03 1.775715818392336942e+00 2.000000000000000000e+00 1.521000000000000130e-01
9.670982807200000025e+03 1.783955121828457946e+00 2.000000000000000000e+00 1.514999999999999958e-01
9.692981123999999909e+03 1.766239519375104594e+00 2.000000000000000000e+00 1.482999999999999874e-01
9.758738012159998107e+03 1.761401219073989166e+00 2.000000000000000000e+00 1.449999999999999900e-01
9.632620680479998555e+03 1.703564006425895228e+00 2.000000000000000000e+00 1.446000000000000063e-01
9.617405639520000477e+03 1.687880351891557718e+00 2.000000000000000000e+00 1.439000000000000001e-01
9.618563428410001507e+03 1.674344073086953655e+00 2.000000000000000000e+00 1.423000000000000098e-01
9.629475334099999600e+03 1.675344058287020932e+00 2.000000000000000000e+00 1.428999999999999992e-01
9.674515688719999162e+03 1.667522855441920138e+00 4.000000000000000000e+00 1.436000000000000054e-01
9.993598255199998675e+03 1.712101090475572240e+00 4.000000000000000000e+00 1.413999999999999979e-01
1.050885703825999917e+04 1.797402585797897467e+00 4.000000000000000000e+00 1.224999999999999978e-01
1.081276341299999876e+04 1.858038239055558760e+00 4.000000000000000000e+00 1.044999999999999957e-01
1.106634129080999992e+04 1.914723579647636509e+00 4.000000000000000000e+00 6.239999999999999714e-02
1.122437950765999813e+04 1.931780212162091059e+00 4.000000000000000000e+00 4.399999999999999745e-02
1.080923646483999983e+04 1.866482612654113638e+00 4.000000000000000000e+00 4.429999999999999910e-02
1.027561211650000041e+04 1.794563960688064785e+00 2.000000000000000000e+00 6.429999999999999605e-02
9.539361572539999543e+03 1.702268083501797591e+00 2.000000000000000000e+00 1.164000000000000035e-01
9.273155806200000370e+03 1.660903016686354983e+00 2.000000000000000000e+00 1.433999999999999997e-01
9.287063804479999817e+03 1.644522515523462847e+00 2.000000000000000000e+00 1.595000000000000029e-01
9.544060522530000526e+03 1.676768199873549747e+00 2.000000000000000000e+00 1.532000000000000028e-01
9.932317376520000835e+03 1.718901731037552949e+00 2.000000000000000000e+00 1.265999999999999903e-01
1.026904443732999971e+04 1.755469828827674661e+00 2.000000000000000000e+00 9.990000000000000269e-02
1.043259146495999994e+04 1.781266201214225742e+00 2.000000000000000000e+00 7.489999999999999436e-02
1.035339638620000005e+04 1.803518008346413959e+00 2.000000000000000000e+00 7.580000000000000626e-02
1.006543265608000002e+04 1.813853081097083653e+00 2.000000000000000000e+00 9.669999999999999429e-02
9.624792536939999991e+03 1.772990403672948911e+00 2.000000000000000000e+00 1.145999999999999935e-01
9.319774405549998846e+03 1.732644200354412689e+00 2.000000000000000000e+00 1.140000000000000041e-01
9.354788387320000766e+03 1.743385233867063455e+00 2.000000000000000000e+00 9.550000000000000155e-02
9.593121635999999853e+03 1.785715873986979840e+00 0.000000000000000000e+00 6.560000000000000553e-02
9.780237981799999034e+03 1.819581981246240154e+00 0.000000000000000000e+00 4.320000000000000229e-02
9.837925838400000430e+03 1.831226718395642328e+00 0.000000000000000000e+00 3.479999999999999760e-02
9.777113335719999668e+03 1.817724713361368316e+00 0.000000000000000000e+00 3.740000000000000269e-02
9.728413961079999353e+03 1.796868429034407244e+00 0.000000000000000000e+00 4.070000000000000007e-02
9.765340528290000293e+03 1.780432500518863481e+00 0.000000000000000000e+00 4.479999999999999954e-02
9.876161816320000071e+03 1.774452555018788846e+00 0.000000000000000000e+00 4.939999999999999947e-02
9.836264268599999923e+03 1.754446117815162243e+00 2.000000000000000000e+00 6.250000000000000000e-02
9.712374945679999655e+03 1.741259038981785467e+00 2.000000000000000000e+00 8.300000000000000433e-02
9.589086730139999418e+03 1.740744311934520061e+00 2.000000000000000000e+00 1.015000000000000069e-01
9.528624489120000362e+03 1.746765108034119551e+00 2.000000000000000000e+00 1.103999999999999981e-01
9.538386025519999748e+03 1.751928786275549488e+00 2.000000000000000000e+00 1.106000000000000039e-01
9.534804497940001966e+03 1.751266064966877201e+00 2.000000000000000000e+00 1.136000000000000065e-01
9.483996916559999590e+03 1.749863938113636275e+00 2.000000000000000000e+00 1.239999999999999991e-01
9.413084918250000555e+03 1.749196946434156796e+00 2.000000000000000000e+00 1.363000000000000045e-01
9.397912540620000073e+03 1.749264587405599869e+00 2.000000000000000000e+00 1.451000000000000068e-01
9.390797719239999424e+03 1.739832631337751900e+00 2.000000000000000000e+00 1.486000000000000099e-01
9.367388398860000962e+03 1.727028516330749497e+00 2.000000000000000000e+00 1.476000000000000090e-01
9.382331018999999287e+03 1.724902656729711214e+00 2.000000000000000000e+00 1.446999999999999953e-01
9.330041333839999425e+03 1.720985382155233223e+00 2.000000000000000000e+00 1.449000000000000010e-01
9.204035995500000354e+03 1.711859016116867860e+00 2.000000000000000000e+00 1.477999999999999869e-01
9.117344067040001391e+03 1.711179242855154659e+00 2.000000000000000000e+00 1.472999999999999865e-01
9.087263239320000139e+03 1.720107634887698245e+00 2.000000000000000000e+00 1.444000000000000006e-01
9.070853265900001134e+03 1.726832640542802055e+00 2.000000000000000000e+00 1.426000000000000045e-01
9.052226169999999911e+03 1.725381064215377735e+00 2.000000000000000000e+00 1.436000000000000054e-01
9.081285433089999060e+03 1.727640096085564902e+00 2.000000000000000000e+00 1.464999999999999913e-01
9.221345601299999544e+03 1.749005590508234231e+00 2.000000000000000000e+00 1.476000000000000090e-01
9.303820097439998790e+03 1.763615221349617679e+00 2.000000000000000000e+00 1.494000000000000050e-01
9.337871618450000824e+03 1.760719400495579512e+00 2.000000000000000000e+00 1.391999999999999904e-01
9.587425472499999159e+03 1.775414919738322217e+00 2.000000000000000000e+00 1.152999999999999997e-01
9.838029925639999419e+03 1.781836756591841153e+00 2.000000000000000000e+00 8.619999999999999885e-02
9.832374792000000525e+03 1.765361650720911557e+00 2.000000000000000000e+00 8.359999999999999376e-02
9.584155687599999510e+03 1.732531762251118490e+00 2.000000000000000000e+00 1.121999999999999942e-01
9.443837362050000593e+03 1.707728930126818812e+00 2.000000000000000000e+00 1.365999999999999992e-01
9.379584528479999790e+03 1.688926686250321163e+00 2.000000000000000000e+00 1.547000000000000042e-01
9.355586674280000807e+03 1.678114020135220930e+00 2.000000000000000000e+00 1.587000000000000077e-01
9.400719241939999847e+03 1.688052486501509186e+00 2.000000000000000000e+00 1.607000000000000095e-01
9.453568361120000191e+03 1.695983845597188511e+00 2.000000000000000000e+00 1.545999999999999874e-01
9.501655872090001139e+03 1.713631481336037377e+00 2.000000000000000000e+00 1.511000000000000121e-01
9.510114930740001000e+03 1.721631632961655889e+00 2.000000000000000000e+00 1.491999999999999993e-01
9.517698838780001097e+03 1.723945862051377897e+00 2.000000000000000000e+00 1.479999999999999927e-01
9.510000768599998992e+03 1.718277287853026802e+00 2.000000000000000000e+00 1.458000000000000129e-01
9.493561400709999361e+03 1.709107712683798574e+00 2.000000000000000000e+00 1.449000000000000010e-01
9.461221956329998648e+03 1.702419653061967519e+00 2.000000000000000000e+00 1.443000000000000116e-01
9.413471687999999631e+03 1.701310068394074282e+00 2.000000000000000000e+00 1.464000000000000024e-01
9.375257568600000013e+03 1.695961488648931370e+00 2.000000000000000000e+00 1.458000000000000129e-01
9.304409831339999073e+03 1.686655961162709216e+00 2.000000000000000000e+00 1.466000000000000081e-01
9.339430932479999683e+03 1.687462127183229743e+00 2.000000000000000000e+00 1.451000000000000068e-01
9.518277180959999896e+03 1.703367472264001981e+00 2.000000000000000000e+00 1.378000000000000058e-01
9.653478156960001797e+03 1.712422943321871394e+00 2.000000000000000000e+00 1.295999999999999930e-01
9.813658560999998372e+03 1.725489621373044180e+00 2.000000000000000000e+00 1.176999999999999991e-01
9.841992006720000063e+03 1.728757689581050139e+00 2.000000000000000000e+00 1.134000000000000008e-01
9.848585530400001517e+03 1.745996674706065344e+00 2.000000000000000000e+00 1.156999999999999973e-01
9.796716762640000525e+03 1.748069500385446506e+00 2.000000000000000000e+00 1.187000000000000000e-01
9.727367078520001087e+03 1.756973533866219350e+00 2.000000000000000000e+00 1.238999999999999962e-01
9.686336057219999930e+03 1.752298479420979049e+00 2.000000000000000000e+00 1.239999999999999991e-01
9.753721592160000000e+03 1.735709861516434138e+00 2.000000000000000000e+00 1.189999999999999947e-01
9.757234240440000576e+03 1.702141112052349081e+00 2.000000000000000000e+00 1.160999999999999949e-01
9.670467604219998975e+03 1.647084135240880931e+00 2.000000000000000000e+00 1.194000000000000061e-01
9.605542550399999527e+03 1.619392750374396339e+00 2.000000000000000000e+00 1.239999999999999991e-01
9.762899156419998690e+03 1.620722070942867798e+00 4.000000000000000000e+00 1.255000000000000004e-01
1.037153896820000045e+04 1.700285740130964784e+00 4.000000000000000000e+00 1.218999999999999945e-01
1.089032144440000047e+04 1.761670311434725189e+00 4.000000000000000000e+00 1.049999999999999961e-01
1.141555820778999987e+04 1.819398687561318173e+00 4.000000000000000000e+00 7.739999999999999658e-02
1.182847653130000072e+04 1.848060297770010463e+00 4.000000000000000000e+00 4.689999999999999725e-02
1.209276687369000138e+04 1.882068432271893244e+00 4.000000000000000000e+00 3.819999999999999785e-02
1.160572543068999948e+04 1.849595888378107844e+00 4.000000000000000000e+00 5.750000000000000250e-02
1.078157355470000039e+04 1.810557088691256089e+00 4.000000000000000000e+00 9.120000000000000329e-02
1.003272882527999900e+04 1.765770897370101178e+00 4.000000000000000000e+00 1.154000000000000026e-01
9.772800033679999615e+03 1.769015996091481302e+00 4.000000000000000000e+00 1.170999999999999958e-01
9.828939671260000978e+03 1.785713224946805067e+00 4.000000000000000000e+00 9.919999999999999651e-02
9.928044999200001257e+03 1.798375984435391706e+00 4.000000000000000000e+00 7.539999999999999480e-02
9.970010837640000318e+03 1.810731101660462583e+00 4.000000000000000000e+00 6.079999999999999988e-02
9.951101886599999489e+03 1.822452975222159655e+00 2.000000000000000000e+00 6.329999999999999516e-02
9.753449614350000047e+03 1.811040096800182075e+00 2.000000000000000000e+00 8.319999999999999618e-02
9.426771525039999688e+03 1.777049748851162514e+00 2.000000000000000000e+00 1.118999999999999995e-01
9.172412238860000798e+03 1.743837152857258488e+00 2.000000000000000000e+00 1.332000000000000128e-01
9.090310120449999886e+03 1.722633236291727155e+00 2.000000000000000000e+00 1.373999999999999944e-01
9.137322722220000287e+03 1.716965972619681535e+00 2.000000000000000000e+00 1.302999999999999992e-01
9.179567592929999591e+03 1.718242070753915440e+00 2.000000000000000000e+00 1.270000000000000018e-01
9.172004842519998419e+03 1.719213850930320531e+00 2.000000000000000000e+00 1.307999999999999996e-01
9.189485145019998527e+03 1.723642262495809430e+00 2.000000000000000000e+00 1.332000000000000128e-01
9.237409227720001581e+03 1.731403451459834431e+00 2.000000000000000000e+00 1.337000000000000133e-01
9.214460942910000085e+03 1.731724198223890676e+00 2.000000000000000000e+00 1.371999999999999886e-01
9.207303214539999317e+03 1.736343835476019226e+00 2.000000000000000000e+00 1.388999999999999957e-01
9.284400116990000242e+03 1.741342821584796585e+00 2.000000000000000000e+00 1.297000000000000097e-01
9.458371462080000128e+03 1.749167891855629930e+00 2.000000000000000000e+00 1.159000000000000030e-01
9.500398560949999592e+03 1.726458925239885200e+00 2.000000000000000000e+00 1.127999999999999975e-01
9.438636820759998955e+03 1.686129845157223750e+00 2.000000000000000000e+00 1.185999999999999971e-01
9.447902362240000002e+03 1.671859721819775269e+00 2.000000000000000000e+00 1.247999999999999943e-01
9.496984837319998405e+03 1.681669482387772918e+00 2.000000000000000000e+00 1.298999999999999877e-01
9.518912181840001722e+03 1.711571534327665844e+00 2.000000000000000000e+00 1.360999999999999988e-01
9.428565334400000211e+03 1.737949240282891106e+00 2.000000000000000000e+00 1.411000000000000032e-01
9.389173825409998244e+03 1.751170122795811190e+00 2.000000000000000000e+00 1.381000000000000005e-01
9.383609267909998380e+03 1.752229546998866683e+00 2.000000000000000000e+00 1.282999999999999974e-01
9.464298858539999856e+03 1.741155476722899165e+00 2.000000000000000000e+00 1.175999999999999962e-01
9.487876086090000172e+03 1.722457535045543775e+00 2.000000000000000000e+00 1.113999999999999990e-01
9.449665783250000459e+03 1.715651338286465766e+00 2.000000000000000000e+00 1.130000000000000032e-01
9.336477122610000151e+03 1.716134357941570432e+00 2.000000000000000000e+00 1.260999999999999899e-01
9.262514421159999984e+03 1.714409561857169528e+00 2.000000000000000000e+00 1.375000000000000111e-01
9.261743093639999643e+03 1.709006843843053902e+00 2.000000000000000000e+00 1.436000000000000054e-01
9.306620388350000212e+03 1.699824375906840102e+00 2.000000000000000000e+00 1.398000000000000076e-01
9.454329980770000475e+03 1.707105934249554924e+00 2.000000000000000000e+00 1.302000000000000102e-01
9.501848406449998947e+03 1.707590777958525763e+00 2.000000000000000000e+00 1.262999999999999956e-01
9.665579347830000188e+03 1.731136356889429573e+00 2.000000000000000000e+00 1.239999999999999991e-01
9.704337496250000186e+03 1.742981394244985660e+00 2.000000000000000000e+00 1.231000000000000011e-01
9.831717252000000371e+03 1.751103204303679606e+00 2.000000000000000000e+00 1.123999999999999999e-01
9.912003995520000899e+03 1.757910692292641297e+00 2.000000000000000000e+00 1.032000000000000001e-01
9.865902520080000613e+03 1.750656752199704735e+00 2.000000000000000000e+00 1.030999999999999972e-01
9.715507904960000815e+03 1.749718896836374160e+00 2.000000000000000000e+00 1.134000000000000008e-01
9.355163994239999738e+03 1.743496719058428734e+00 2.000000000000000000e+00 1.346999999999999864e-01
9.326137289219999730e+03 1.752802873369331715e+00 2.000000000000000000e+00 1.385000000000000120e-01
9.361732900020000670e+03 1.742879354110553169e+00 2.000000000000000000e+00 1.338000000000000023e-01
9.435631402319999324e+03 1.729330573749160438e+00 2.000000000000000000e+00 1.277999999999999969e-01
9.476047236099999282e+03 1.728991552015011202e+00 2.000000000000000000e+00 1.290000000000000036e-01
9.546631017110001267e+03 1.757253136728088583e+00 2.000000000000000000e+00 1.287999999999999978e-01
9.598967087720000563e+03 1.798040912089783339e+00 2.000000000000000000e+00 1.269000000000000128e-01
9.605008438099999694e+03 1.827599229156052996e+00 2.000000000000000000e+00 1.252999999999999947e-01
9.509774425539999356e+03 1.841922154949529933e+00 2.000000000000000000e+00 1.277999999999999969e-01
9.379684570620000159e+03 1.835129601212704076e+00 2.000000000000000000e+00 1.313999999999999890e-01
9.188432125600000290e+03 1.797872390732293102e+00 2.000000000000000000e+00 1.310999999999999943e-01
9.159007291359999726e+03 1.799738280075515728e+00 2.000000000000000000e+00 1.298999999999999877e-01
9.308671460010000374e+03 1.851866635092580315e+00 2.000000000000000000e+00 1.282000000000000084e-01
9.656437040360000537e+03 1.956320072848723557e+00 2.000000000000000000e+00 1.292000000000000093e-01
9.775620188360000611e+03 2.016603913184736196e+00 2.000000000000000000e+00 1.282000000000000084e-01
9.760961200199999439e+03 2.033309491404018843e+00 2.000000000000000000e+00 1.269000000000000128e-01
9.712197173489999841e+03 2.014650635932517808e+00 2.000000000000000000e+00 1.160999999999999949e-01
9.739574829450000834e+03 1.978927536184080793e+00 0.000000000000000000e+00 9.439999999999999780e-02
9.935874695079999583e+03 1.966433185098349856e+00 0.000000000000000000e+00 6.880000000000000004e-02
1.004536254788000042e+04 1.948034320468594149e+00 0.000000000000000000e+00 4.560000000000000164e-02
1.003632542500000091e+04 1.959742619545556508e+00 0.000000000000000000e+00 2.829999999999999877e-02
9.961430026019999787e+03 1.997315918195612161e+00 0.000000000000000000e+00 2.319999999999999840e-02
9.758762710699998934e+03 2.015592259018069488e+00 0.000000000000000000e+00 2.929999999999999966e-02
9.453465672660000564e+03 1.979921757025222329e+00 0.000000000000000000e+00 2.949999999999999845e-02
9.295188837149999017e+03 1.947548145480280324e+00 0.000000000000000000e+00 2.199999999999999872e-02
9.228350094399998852e+03 1.919568956292091677e+00 0.000000000000000000e+00 1.170000000000000033e-02
9.174904478970000127e+03 1.894182880309737138e+00 0.000000000000000000e+00 8.699999999999999400e-03
9.213637731920000078e+03 1.881133180874867028e+00 0.000000000000000000e+00 8.000000000000000167e-03
9.339384456600000703e+03 1.885479300821467863e+00 0.000000000000000000e+00 2.899999999999999800e-03
9.434092071060000308e+03 1.898099446124603462e+00 0.000000000000000000e+00 0.000000000000000000e+00
9.480748849739999059e+03 1.914765497994645349e+00 0.000000000000000000e+00 3.700000000000000164e-03
9.453960299549999036e+03 1.930715543068713513e+00 0.000000000000000000e+00 1.540000000000000049e-02
9.375952011579998725e+03 1.945312551800536749e+00 0.000000000000000000e+00 2.330000000000000127e-02
9.322127064660000542e+03 1.967663398483796122e+00 0.000000000000000000e+00 2.239999999999999977e-02
9.263173587999999654e+03 1.984802127456496645e+00 0.000000000000000000e+00 2.000000000000000042e-02
9.229283892270001161e+03 1.992445743150846438e+00 0.000000000000000000e+00 1.899999999999999953e-02
9.147824161480000839e+03 1.979593532902672148e+00 0.000000000000000000e+00 2.500000000000000139e-02
9.094911593759999960e+03 1.973068864911541320e+00 0.000000000000000000e+00 2.840000000000000163e-02
9.183428244000000632e+03 1.996140101479926487e+00 0.000000000000000000e+00 2.560000000000000123e-02
9.149342650499998854e+03 1.998480809011936588e+00 0.000000000000000000e+00 1.789999999999999925e-02
9.073055650260001130e+03 1.989131976257450640e+00 0.000000000000000000e+00 1.250000000000000069e-02
9.036165268900000228e+03 1.982985172992492995e+00 0.000000000000000000e+00 1.839999999999999969e-02
8.999786315519999334e+03 1.969328684687195352e+00 0.000000000000000000e+00 2.659999999999999865e-02
9.020948628999998618e+03 1.975752208482211447e+00 0.000000000000000000e+00 3.209999999999999659e-02
9.057492978820000644e+03 1.997565055611822515e+00 0.000000000000000000e+00 3.180000000000000188e-02
9.048401090400000612e+03 2.007340057600271788e+00 0.000000000000000000e+00 3.350000000000000200e-02
9.041419501950000267e+03 2.000624906272737480e+00 0.000000000000000000e+00 3.049999999999999933e-02
9.043194733590000396e+03 1.989913953228358512e+00 0.000000000000000000e+00 2.520000000000000018e-02
9.060785938560000432e+03 1.976280272759367795e+00 0.000000000000000000e+00 2.210000000000000159e-02
9.107244267399999444e+03 1.972522896924615798e+00 0.000000000000000000e+00 2.599999999999999881e-02
9.200581519710000066e+03 1.964112088814682133e+00 0.000000000000000000e+00 2.610000000000000167e-02
9.297907814760001202e+03 1.959005277755317520e+00 0.000000000000000000e+00 1.839999999999999969e-02
9.355412636259999999e+03 1.934094600467823222e+00 0.000000000000000000e+00 9.100000000000000450e-03
9.417558249909998267e+03 1.936875376913678615e+00 0.000000000000000000e+00 1.209999999999999964e-02
9.581666108139999778e+03 1.991430627630973449e+00 0.000000000000000000e+00 2.649999999999999925e-02
9.529090243399999963e+03 2.005233889977183992e+00 0.000000000000000000e+00 3.899999999999999994e-02
9.577176306380000824e+03 2.048273006244974326e+00 0.000000000000000000e+00 4.590000000000000330e-02
9.574715590039999370e+03 2.056635930887668273e+00 0.000000000000000000e+00 3.780000000000000027e-02
9.267627078559999063e+03 2.010982277945951413e+00 0.000000000000000000e+00 2.440000000000000155e-02
9.116246155720000388e+03 1.991649743584331889e+00 0.000000000000000000e+00 2.520000000000000018e-02
9.100607184119999147e+03 1.995183534347592769e+00 0.000000000000000000e+00 1.959999999999999937e-02
9.072689227520000713e+03 1.979829324349402508e+00 0.000000000000000000e+00 1.170000000000000033e-02
9.152784584319999340e+03 1.971122972237374427e+00 0.000000000000000000e+00 1.899999999999999996e-03
9.217055571999999302e+03 1.967431908721368305e+00 0.000000000000000000e+00 9.599999999999999159e-03
9.331144520940000803e+03 1.980879673507499383e+00 0.000000000000000000e+00 1.820000000000000090e-02
9.334687446719999571e+03 1.980149549812890708e+00 0.000000000000000000e+00 2.060000000000000026e-02
9.343539499309999883e+03 2.000767059500725420e+00 0.000000000000000000e+00 3.250000000000000111e-02
9.261437322240000867e+03 1.986338344430888636e+00 0.000000000000000000e+00 3.300000000000000155e-02
9.340595089770000413e+03 2.005880795356554724e+00 0.000000000000000000e+00 2.730000000000000135e-02
9.509099325139999564e+03 2.043470063314449803e+00 0.000000000000000000e+00 2.390000000000000110e-02
9.477194643120001274e+03 2.045066042342869483e+00 0.000000000000000000e+00 2.719999999999999848e-02
9.446111144399999830e+03 2.040458918036848424e+00 0.000000000000000000e+00 2.089999999999999844e-02
9.438241268320000017e+03 2.044063586309282865e+00 0.000000000000000000e+00 1.930000000000000118e-02
9.427118672919999881e+03 2.050623588548821985e+00 0.000000000000000000e+00 2.040000000000000147e-02
9.367062526319999961e+03 2.049333657201179992e+00 0.000000000000000000e+00 1.679999999999999896e-02
9.337266120989999763e+03 2.050390709722125226e+00 0.000000000000000000e+00 2.199999999999999872e-02
9.352211210449999271e+03 2.066706196127995998e+00 0.000000000000000000e+00 3.200000000000000067e-02
9.321488094050000655e+03 2.078418065910849766e+00 0.000000000000000000e+00 4.080000000000000293e-02
9.332410528960001102e+03 2.084287088305475155e+00 0.000000000000000000e+00 2.630000000000000046e-02
9.314339821310000843e+03 2.066448291045001273e+00 0.000000000000000000e+00 6.400000000000000307e-03
9.260631325889999061e+03 2.018743979605144734e+00 0.000000000000000000e+00 6.499999999999999702e-03
9.147469440200000463e+03 1.962364296718421386e+00 0.000000000000000000e+00 1.370000000000000037e-02
9.088860283459998755e+03 1.947428452697001600e+00 0.000000000000000000e+00 2.580000000000000002e-02
9.102152124079999339e+03 1.975029242832733178e+00 0.000000000000000000e+00 3.320000000000000034e-02
9.053762906879999719e+03 1.987316882771325455e+00 0.000000000000000000e+00 3.359999999999999792e-02
9.079475901499998145e+03 1.999145646283852162e+00 0.000000000000000000e+00 3.710000000000000103e-02
9.068475945919999504e+03 2.000124032377351924e+00 0.000000000000000000e+00 3.420000000000000123e-02
9.041413752000000386e+03 2.003728422823527922e+00 0.000000000000000000e+00 3.250000000000000111e-02
9.049759453139999096e+03 2.024326878696072196e+00 0.000000000000000000e+00 2.769999999999999893e-02
9.100723953779999647e+03 2.048644633249165015e+00 0.000000000000000000e+00 2.779999999999999832e-02
9.072250604479999311e+03 2.046446304924452786e+00 0.000000000000000000e+00 3.150000000000000022e-02
9.032964548160000049e+03 2.035734082815767287e+00 0.000000000000000000e+00 2.879999999999999921e-02
9.011967718680001781e+03 2.027282090566398853e+00 0.000000000000000000e+00 2.170000000000000054e-02
9.013590834639999230e+03 2.023185434941908056e+00 0.000000000000000000e+00 1.549999999999999989e-02
9.038187378639999224e+03 2.019789447085578615e+00 0.000000000000000000e+00 1.650000000000000078e-02
9.088391209220000746e+03 2.020425279353680992e+00 0.000000000000000000e+00 1.460000000000000013e-02
9.162502946220000013e+03 2.026665681364718807e+00 0.000000000000000000e+00 5.899999999999999863e-03
9.214894139919999361e+03 2.031529144791264230e+00 0.000000000000000000e+00 5.700000000000000205e-03
9.266764427579999392e+03 2.039696286250290758e+00 0.000000000000000000e+00 1.430000000000000021e-02
9.288116168640000978e+03 2.049335694526694507e+00 0.000000000000000000e+00 2.369999999999999885e-02
9.333284830319998946e+03 2.077925011244905473e+00 0.000000000000000000e+00 2.599999999999999881e-02
9.331625040099999751e+03 2.099385214101531894e+00 0.000000000000000000e+00 2.380000000000000171e-02
9.258830993249999665e+03 2.093434521385640679e+00 0.000000000000000000e+00 2.170000000000000054e-02
9.145409222880000016e+03 2.047665496552279141e+00 2.000000000000000000e+00 1.030000000000000013e-02
9.086026227199999994e+03 1.986587901434377024e+00 2.000000000000000000e+00 8.600000000000000006e-03
9.044144852039999023e+03 1.926446174013568768e+00 2.000000000000000000e+00 3.780000000000000027e-02
9.104977019600000858e+03 1.903665200353495734e+00 2.000000000000000000e+00 7.420000000000000207e-02
9.434298913779999566e+03 1.977360093756331150e+00 2.000000000000000000e+00 9.879999999999999893e-02
1.013175819768000110e+04 2.150904373525869495e+00 2.000000000000000000e+00 1.113999999999999990e-01
1.024558581059999960e+04 2.214612314358377798e+00 2.000000000000000000e+00 1.195999999999999980e-01
1.047324075824999818e+04 2.324094749144266725e+00 0.000000000000000000e+00 1.151999999999999968e-01
1.038697785434999969e+04 2.358228038874582211e+00 0.000000000000000000e+00 9.429999999999999494e-02
9.521088601359999302e+03 2.190968041921285803e+00 0.000000000000000000e+00 4.870000000000000023e-02
9.063059098560001075e+03 2.094299297887944888e+00 0.000000000000000000e+00 1.830000000000000029e-02
8.831055734759998813e+03 2.023873528899037488e+00 0.000000000000000000e+00 2.899999999999999800e-03
8.741837870800000019e+03 1.995538694037842786e+00 0.000000000000000000e+00 1.329999999999999932e-02
8.764625558080000701e+03 1.993923438857359454e+00 0.000000000000000000e+00 3.239999999999999825e-02
8.912489452650001112e+03 2.032734954817577044e+00 0.000000000000000000e+00 3.719999999999999696e-02
8.984711346509999203e+03 2.070273009952960486e+00 0.000000000000000000e+00 2.680000000000000090e-02
9.018670697120000114e+03 2.090716891304410296e+00 0.000000000000000000e+00 2.170000000000000054e-02
8.952438952299999073e+03 2.088970846069470699e+00 0.000000000000000000e+00 8.999999999999999320e-03
