  5930.552734  2.391904  0.000200
  5930.552734  2.391904  0.000200
  5814.045410  2.437651  0.000100
  5676.588867  2.489723  0.000100
  5600.958496  2.517436  0.000100
  5526.601074  2.541567  0.002200
  5491.933594  2.547257  0.013900
  5507.861328  2.539917  0.022000
  5639.470215  2.488842  0.012800
  5792.165039  2.438573  0.014800
  5911.883789  2.402053  0.032300
  6108.770020  2.348346  0.005300
  6369.811035  2.292725  0.000200
  6664.266113  2.239801  0.000100
  7202.759277  2.164487  0.000100
  7613.801270  2.116696  0.000100
  8044.568359  2.071553  0.000200
  8499.470703  2.029445  0.000300
  8682.940430  2.014571  0.000100
  8831.301758  2.002931  0.000100
  8888.861328  1.998349  0.000100
  8909.926758  1.996219  0.000100
  8927.883789  1.993963  0.001100
  8866.191406  1.995643  0.006700
  8784.028320  1.998246  0.014500
  8591.283203  2.004022  0.011700
  8455.328125  2.008284  0.001300
  8399.981445  2.010048  0.001200
  8422.458984  2.006453  0.001000
  8503.982422  2.000114  0.000500
  8651.954102  1.989802  0.001100
  8861.630859  1.976100  0.001400
  8993.133789  1.966922  0.001700
  9137.700195  1.955502  0.003900
  9221.807617  1.944403  0.006100
  9217.346680  1.942541  0.000100
  9118.705078  1.940444  0.000100
  8922.566406  1.944551  0.006800
  8739.961914  1.949846  0.040300
  8419.224609  1.960042  0.095300
  8145.872070  1.967975  0.148600
  7915.847656  1.974492  0.198000
  7632.938477  1.982268  0.230200
  7434.013184  1.991260  0.249000
  7229.622070  2.003502  0.246400
  7004.312012  2.024892  0.226200
  6898.311035  2.039231  0.201400
  6798.467773  2.057006  0.186200
  6755.354492  2.072496  0.188000
  6737.063965  2.082737  0.201700
  6713.738770  2.100086  0.208100
  6661.303711  2.122504  0.145800
  6612.814941  2.141173  0.012500
  6539.334961  2.167520  0.001600
  6595.676758  2.166183  0.000500
  6705.715332  2.160712  0.000200
  7111.394043  2.120227  0.000200
  7501.355957  2.085334  0.000100
  7994.693359  2.044612  0.000300
  8622.950195  1.997431  0.002400
  8989.904297  1.969884  0.004000
  9402.247070  1.936895  0.000500
  9698.109375  1.909361  0.004400
  9814.376953  1.895460  0.018500
  9893.408203  1.881295  0.042400
  9797.887695  1.878520  0.080400
  9658.297852  1.874462  0.130200
  9190.383789  1.865677  0.178600
  8743.306641  1.860913  0.210400
  8324.026367  1.857742  0.223900
  7753.419434  1.855192  0.233700
  7404.919434  1.853035  0.233100
  7080.392578  1.849468  0.235600
  6785.180664  1.842178  0.231900
  6630.752441  1.834061  0.224700
  6460.972656  1.820435  0.222800
  6311.564453  1.799199  0.234300
  6290.697754  1.794886  0.246100
  6316.662598  1.787109  0.252200
  6394.637207  1.778912  0.260100
  6459.085449  1.773200  0.269800
  6541.560547  1.766245  0.266900
  6585.767578  1.761502  0.248500
  6629.579102  1.757445  0.231300
  6722.310059  1.751415  0.231400
  6818.048340  1.746604  0.241700
  6943.428223  1.740998  0.254200
  7100.971680  1.734683  0.270600
  7138.652344  1.732109  0.279100
  7149.954590  1.730296  0.274200
  7051.755371  1.730929  0.256300
  6974.418945  1.731135  0.246800
  6865.942383  1.731351  0.256800
  6801.787109  1.731913  0.271300
  6756.923340  1.732283  0.283800
  6686.624512  1.733660  0.297400
  6605.459473  1.735559  0.303500
  6519.565918  1.737750  0.296000
  6388.117188  1.741765  0.286700
  6313.714844  1.744040  0.280400
  6264.611816  1.745666  0.272500
  6259.548340  1.746191  0.273300
  6266.023438  1.745999  0.280200
  6290.917480  1.745249  0.283200
  6320.550293  1.743869  0.282900
  6350.437988  1.742668  0.281300
  6420.833008  1.739812  0.286200
  6509.248047  1.736873  0.295900
  6583.246094  1.734692  0.299600
  6702.110352  1.731546  0.291800
  6809.071777  1.729012  0.278700
  6918.102051  1.726879  0.271800
  7090.519531  1.723572  0.271700
  7219.323730  1.721618  0.271500
  7362.560059  1.719796  0.264900
  7519.653320  1.718234  0.251000
  7607.813965  1.717681  0.234100
  7719.569824  1.717445  0.219200
  7849.890625  1.717404  0.216600
  7943.050293  1.717366  0.226000
  8092.880371  1.716713  0.234400
  8217.502930  1.716759  0.231700
  8308.778320  1.716950  0.218900
  8442.842773  1.717051  0.211000
  8564.274414  1.716891  0.210200
  8684.850586  1.716675  0.210800
  8860.261719  1.716107  0.212800
  8982.281250  1.715639  0.209800
  9106.239258  1.715070  0.200700
  9215.908203  1.714452  0.191000
  9265.920898  1.714045  0.183100
  9317.559570  1.713989  0.181300
  9350.670898  1.713913  0.182300
  9347.862305  1.713951  0.184500
  9287.993164  1.714601  0.183100
  9179.288086  1.715590  0.181900
  9083.327148  1.716473  0.186800
  8946.028320  1.717997  0.192600
  8855.639648  1.718934  0.198300
  8781.287109  1.719970  0.208800
  8694.061523  1.721304  0.227200
  8631.447266  1.722229  0.244600
  8553.715820  1.723461  0.249000
  8436.545898  1.725958  0.241200
  8346.416016  1.727218  0.233000
  8221.549805  1.731077  0.226900
  8144.392578  1.746639  0.221900
  8092.685059  1.757731  0.220900
  8004.376953  1.775757  0.227100
  7902.736816  1.793877  0.235800
  7811.959473  1.808698  0.242000
  7650.007813  1.833075  0.247500
  7508.180176  1.854888  0.253500
  7382.380859  1.876167  0.250900
  7239.160645  1.905023  0.240200
  7190.464844  1.925918  0.231100
  7151.689453  1.943075  0.235200
  7109.467285  1.947839  0.248600
  7106.512695  1.947756  0.257500
  7115.168457  1.947078  0.259400
  7159.167480  1.941865  0.257700
  7202.149902  1.936922  0.257000
  7289.414551  1.927304  0.260200
  7391.932617  1.917052  0.257000
  7477.751465  1.908725  0.247400
  7607.732910  1.897343  0.238700
  7677.761719  1.890964  0.237400
  7725.779297  1.886219  0.238600
  7763.928223  1.882089  0.238900
  7792.232422  1.879436  0.242500
  7821.224609  1.876893  0.247800
  7845.508789  1.876048  0.255700
  7856.375977  1.876190  0.262400
  7870.368652  1.876787  0.258300
  7886.721191  1.877115  0.244300
  7894.320313  1.877159  0.228300
  7903.377441  1.877061  0.223000
  7928.066895  1.875385  0.220100
  7956.169434  1.873528  0.217200
  8010.333984  1.869696  0.217300
  8050.297363  1.866682  0.226300
  8090.500488  1.863161  0.235200
  8160.579590  1.856875  0.240200
  8228.414063  1.851633  0.245900
  8326.767578  1.844659  0.249700
  8489.695313  1.835879  0.247500
  8612.320313  1.830103  0.239100
  8796.667969  1.822142  0.232800
  8966.660156  1.815439  0.230700
  9052.131836  1.812133  0.220800
  9137.333984  1.809211  0.204100
  9135.770508  1.809567  0.192500
  9124.037109  1.810838  0.190900
  9031.112305  1.815833  0.192000
  8940.184570  1.820590  0.193200
  8848.196289  1.825038  0.193400
  8735.614258  1.830385  0.209600
  8667.153320  1.833354  0.225000
  8599.594727  1.836406  0.234700
  8540.615234  1.839301  0.237300
  8537.137695  1.839602  0.228800
  8550.839844  1.839164  0.211100
  8644.903320  1.834906  0.195400
  8748.665039  1.830569  0.193400
  8992.024414  1.820805  0.197800
  9304.983398  1.810459  0.198700
  9606.570313  1.802456  0.198100
  10154.472656  1.793079  0.199200
  10634.260742  1.789177  0.194900
  11113.469727  1.787212  0.174100
  11733.944336  1.786829  0.143600
  12087.967773  1.787241  0.107700
  12354.290039  1.787506  0.070200
  12387.088867  1.791822  0.033000
  12307.046875  1.798105  0.013700
  11965.250000  1.811903  0.022600
  11490.956055  1.831090  0.042400
  11164.166016  1.843999  0.063500
  10685.071289  1.861761  0.089200
  10329.751953  1.874037  0.117600
  10111.630859  1.881996  0.078600
  9901.968750  1.890476  0.052100
  9925.279297  1.892436  0.020500
  9997.521484  1.895872  0.006800
  10433.537109  1.889716  0.001300
  10848.364258  1.880796  0.000100
  11373.585938  1.866558  0.000100
  11873.393555  1.850322  0.000100
  11931.907227  1.844557  0.000100
  11909.621094  1.841336  0.000100
  11606.077148  1.842225  0.001700
  11323.145508  1.843745  0.022000
  10813.214844  1.847829  0.064200
  10316.631836  1.853847  0.118200
  9915.386719  1.859802  0.159500
  9339.727539  1.869271  0.167200
  8998.640625  1.874768  0.169800
  8802.532227  1.878847  0.167500
  8743.053711  1.881997  0.178200
  8811.800781  1.880428  0.181700
  9019.391602  1.875867  0.176400
  9348.366211  1.866667  0.133500
  9573.658203  1.860075  0.090200
  9873.928711  1.850559  0.068300
  10058.194336  1.842732  0.070300
  10124.750000  1.838912  0.061100
  10178.485352  1.834063  0.037800
  10191.906250  1.830499  0.025000
  10204.830078  1.827354  0.061200
  10241.954102  1.821961  0.124600
  10192.196289  1.820198  0.192600
  10090.579102  1.817472  0.212700
  9747.737305  1.820355  0.181800
  9502.870117  1.822735  0.110600
  9307.053711  1.824396  0.091600
  9306.933594  1.821512  0.125900
  9345.589844  1.818347  0.201000
  9434.304688  1.814490  0.237100
  9333.806641  1.816303  0.230700
  9198.876953  1.819187  0.201800
  8866.977539  1.828229  0.173400
  8638.737305  1.835580  0.168600
  8547.659180  1.838741  0.194100
  8523.829102  1.839821  0.235500
  8514.168945  1.840359  0.256900
  8500.706055  1.841558  0.252700
  8381.453125  1.846448  0.234800
  8299.444336  1.849650  0.228400
  8236.466797  1.851952  0.224200
  8304.995117  1.848949  0.216700
  8378.536133  1.845492  0.213900
  8493.936523  1.840164  0.231800
  8526.636719  1.838569  0.245200
  8521.394531  1.838890  0.228800
  8431.004883  1.843491  0.199700
  8318.461914  1.849054  0.190500
  8216.098633  1.854383  0.208100
  8058.663086  1.862349  0.218900
  7927.175781  1.869600  0.237600
  7783.901367  1.877768  0.256800
  7555.098633  1.891108  0.275400
  7399.262695  1.901161  0.266500
  7229.384766  1.912895  0.277900
  7090.378906  1.923891  0.274600
  7033.577637  1.928438  0.279000
  6978.531738  1.933126  0.286700
  6947.277344  1.936262  0.288400
  6930.922363  1.938465  0.291100
  6906.049805  1.942377  0.290100
  6883.695801  1.946454  0.285100
  6865.377441  1.949863  0.278100
  6836.502930  1.954333  0.274900
  6819.893066  1.957077  0.278800
  6810.241211  1.958856  0.279500
  6813.249023  1.959770  0.275900
  6818.016113  1.959964  0.278500
  6822.859375  1.960053  0.278800
  6821.405273  1.960671  0.276200
  6822.477051  1.960360  0.268500
  6834.300781  1.958160  0.266700
  6865.752930  1.953297  0.261500
  6894.582520  1.949234  0.265000
  6947.421387  1.942610  0.278600
  6986.707031  1.937771  0.294600
  7015.649902  1.934219  0.285300
  7053.525391  1.929934  0.273900
  7094.219238  1.925173  0.254100
  7150.705078  1.919270  0.255300
  7277.850586  1.907883  0.261100
  7395.386230  1.898524  0.265600
  7567.761719  1.886554  0.271900
  7784.775879  1.873558  0.268300
  7916.066895  1.866247  0.253100
  8089.496582  1.856926  0.236100
  8216.286133  1.850059  0.224300
  8283.750000  1.846346  0.215000
  8365.390625  1.842036  0.206700
  8414.078125  1.840149  0.213600
  8430.732422  1.839696  0.227800
  8414.971680  1.841226  0.237900
  8359.323242  1.844747  0.234200
  8265.768555  1.849834  0.241600
  8108.099609  1.857876  0.239200
  8010.939941  1.863311  0.236700
  7914.906250  1.869014  0.235100
  7858.937012  1.872756  0.246400
  7833.767090  1.874575  0.252900
  7798.393555  1.876736  0.242700
  7744.048340  1.879982  0.240100
  7702.990234  1.882254  0.241300
  7637.777832  1.885790  0.239100
  7592.193359  1.888754  0.241400
  7557.360352  1.890689  0.248200
  7515.145020  1.893010  0.261300
  7479.333008  1.894685  0.273500
  7440.002930  1.896492  0.279700
  7379.506836  1.899491  0.281400
  7358.696289  1.900000  0.276100
  7346.935059  1.900205  0.273600
  7416.789551  1.895069  0.269700
  7489.906738  1.889950  0.264100
  7638.349609  1.880379  0.259400
  7791.136719  1.870368  0.268900
  7879.199707  1.864349  0.272400
  7976.869141  1.857374  0.263400
  8006.391113  1.854906  0.240100
  8015.111816  1.854058  0.225300
  8007.146484  1.853778  0.226500
  7992.698242  1.854543  0.238400
  7965.811035  1.855970  0.253000
  7902.184082  1.859408  0.265800
  7840.448730  1.862770  0.277000
  7754.562012  1.866765  0.278500
  7678.041992  1.870464  0.276700
  7685.978027  1.870010  0.273200
  7807.072266  1.863471  0.271000
  8124.655762  1.850476  0.263500
  8401.778320  1.837740  0.262200
  8854.701172  1.814325  0.255700
  9204.160156  1.801065  0.236200
  9452.601563  1.792330  0.191600
  9701.525391  1.782508  0.146600
  9851.893555  1.776404  0.127800
  9996.576172  1.771028  0.142300
  10184.381836  1.765104  0.176200
  10276.918945  1.762020  0.207800
  10345.322266  1.759800  0.230900
  10257.407227  1.759601  0.245400
  10170.199219  1.761736  0.238800
  10032.964844  1.768272  0.227400
  9986.791992  1.769113  0.207000
  9994.921875  1.768844  0.196900
  10168.044922  1.766544  0.198700
  10391.944336  1.763513  0.201600
  10611.902344  1.759714  0.192400
  10930.994141  1.751531  0.177900
  11165.354492  1.746241  0.176600
  11404.478516  1.741318  0.164200
  11689.192383  1.735021  0.141200
  11837.794922  1.730751  0.111400
  11999.879883  1.725902  0.105600
  12188.537109  1.724026  0.107100
  12332.814453  1.722968  0.107400
  12580.481445  1.721797  0.118700
  12772.865234  1.720707  0.145700
  12866.410156  1.722363  0.156100
  12950.112305  1.726097  0.154700
  12946.744141  1.728912  0.113700
  12933.544922  1.731906  0.075600
  12905.285156  1.736476  0.073700
  12956.721680  1.738901  0.092800
  13071.954102  1.742295  0.110100
  13327.322266  1.743051  0.118700
  13494.466797  1.743644  0.124600
  13697.625977  1.745035  0.132400
  13892.675781  1.746461  0.122200
  14022.890625  1.746842  0.088500
  14242.179688  1.747124  0.048000
  14501.979492  1.747871  0.022100
  14706.243164  1.748550  0.025100
  15045.113281  1.750523  0.038800
  15295.759766  1.753129  0.050500
  15406.844727  1.754352  0.048300
  15396.458008  1.758587  0.041800
  15268.599609  1.762926  0.033200
  15028.246094  1.767604  0.028800
  14588.339844  1.774241  0.027300
  14219.975586  1.780018  0.028800
  13696.068359  1.788840  0.027400
  13070.592773  1.798894  0.023600
  12717.877930  1.805042  0.020900
  12295.166992  1.813126  0.029400
  12076.252930  1.820441  0.025900
  12033.453125  1.825572  0.010100
  12051.447266  1.830970  0.001600
  12156.135742  1.831346  0.001900
  12319.684570  1.830530  0.000100
  12718.220703  1.826215  0.000100
  13095.960938  1.820886  0.000500
  13489.855469  1.813914  0.001200
  13824.896484  1.804554  0.000100
  13937.481445  1.799400  0.000100
  14009.314453  1.793140  0.001800
  14015.803711  1.785103  0.018100
  13962.225586  1.782740  0.064700
  13698.599609  1.774109  0.111700
  13229.926758  1.770127  0.118100
  12812.001953  1.768819  0.089700
  12086.593750  1.769933  0.071600
  11491.035156  1.772643  0.093300
  11070.158203  1.776231  0.144400
  10686.419922  1.782001  0.191700
  10527.222656  1.784461  0.224700
  10391.581055  1.786731  0.240200
  10218.480469  1.789274  0.241600
  10117.290039  1.791064  0.223200
  9999.136719  1.794268  0.192900
  9879.293945  1.798718  0.150200
  9793.458984  1.802491  0.104000
  9643.038086  1.809008  0.083300
  9486.910156  1.816012  0.104000
  9359.526367  1.821787  0.160900
  9124.906250  1.832268  0.217900
  8863.377930  1.842723  0.253000
  8606.117188  1.852331  0.269500
  8202.958984  1.865602  0.278900
  7935.821777  1.875386  0.283900
  7722.054199  1.884098  0.278400
  7602.134277  1.890511  0.261500
  7606.511230  1.890352  0.235200
  7648.620605  1.887654  0.218000
  7713.618652  1.883182  0.220700
  7720.347656  1.882307  0.236200
  7698.202637  1.882840  0.242900
  7624.398438  1.886878  0.237100
  7546.964844  1.891704  0.242400
  7390.342773  1.901995  0.264200
  7242.334473  1.912487  0.280100
  7110.183105  1.922365  0.291100
  6932.816895  1.936984  0.301600
  6803.030273  1.948588  0.305700
  6669.023926  1.961400  0.306800
  6516.856934  1.978018  0.304200
  6444.478516  1.987459  0.305100
  6370.637207  1.998267  0.303300
  6310.721191  2.008209  0.302900
  6274.579102  2.014813  0.302500
  6220.619141  2.024871  0.304500
  6177.869629  2.033786  0.309500
  6154.544434  2.039347  0.308800
  6131.945313  2.045965  0.298600
  6117.733398  2.050931  0.291700
  6104.165039  2.054960  0.292900
  6083.655273  2.060659  0.296600
  6074.710938  2.063229  0.294300
  6067.464844  2.065351  0.291200
  6057.169434  2.067455  0.283600
  6051.607422  2.067418  0.286100
  6044.925293  2.067118  0.291300
  6047.375000  2.064087  0.294800
  6050.674316  2.061226  0.295600
  6060.098145  2.055857  0.295300
  6084.729004  2.048442  0.298500
  6108.166016  2.042049  0.300200
  6150.133789  2.031688  0.305200
  6185.688965  2.023785  0.311700
  6218.991699  2.016632  0.314300
  6272.187012  2.006857  0.309500
  6311.942871  2.000670  0.303200
  6350.830566  1.995574  0.299200
  6385.052246  1.992660  0.297500
  6392.496582  1.992948  0.296300
  6398.945313  1.994977  0.294800
  6393.953613  1.998843  0.289600
  6395.192383  2.001252  0.288100
  6403.265625  2.003948  0.288600
  6413.830078  2.006355  0.285300
  6421.754395  2.007799  0.275500
  6434.145020  2.009919  0.259500
  6474.421387  2.007252  0.253100
  6532.445313  2.002044  0.258400
  6644.549805  1.989640  0.268800
  6719.137207  1.980781  0.273000
  6797.309570  1.970836  0.268900
  6889.795410  1.958681  0.259800
  6996.945801  1.946679  0.248800
  7234.027832  1.924456  0.245400
  7735.206055  1.892104  0.258200
  8169.598145  1.870835  0.278600
  8992.412109  1.842299  0.285900
  9767.736328  1.823841  0.273500
  10345.199219  1.813174  0.227100
  11206.249023  1.802328  0.149900
  11914.909180  1.796009  0.082700
  12544.212891  1.791111  0.046600
  13327.200195  1.785825  0.039600
  13718.674805  1.786416  0.042500
  13975.998047  1.787502  0.039600
  13967.574219  1.795687  0.031700
  13843.868164  1.803819  0.026100
  13518.488281  1.814758  0.020200
  13134.691406  1.827862  0.007400
  12865.180664  1.836194  0.000100
  12433.039063  1.848494  0.000100
  12017.666992  1.858548  0.000100
  11744.764648  1.865321  0.000100
  11424.624023  1.874927  0.000100
  11292.531250  1.881378  0.000100
  11205.466797  1.886003  0.000100
  11121.269531  1.890974  0.000100
  11036.042969  1.893412  0.000100
  10928.310547  1.894975  0.000100
  10800.345703  1.895399  0.000100
  10745.483398  1.894832  0.000100
  10693.593750  1.894101  0.000100
  10656.185547  1.893688  0.012900
  10618.349609  1.893981  0.027700
  10506.777344  1.896401  0.021200
  10335.049805  1.900756  0.005700
  10193.913086  1.904406  0.000100
  9998.609375  1.910261  0.000100
  9918.726563  1.913622  0.000100
  9874.807617  1.916179  0.001200
  9853.250977  1.919108  0.019100
  9842.771484  1.921683  0.039300
  9838.500000  1.924350  0.038800
  9856.698242  1.927924  0.023300
  9887.231445  1.929609  0.006300
  9967.794922  1.931682  0.000100
  10089.434570  1.931860  0.000100
  10178.431641  1.931277  0.000100
  10306.558594  1.929679  0.000100
  10365.328125  1.928830  0.000100
  10376.143555  1.928907  0.000100
  10315.335938  1.929909  0.000100
  10230.343750  1.931163  0.000100
  10139.084961  1.931908  0.000100
  10019.413086  1.931991  0.000100
  9943.767578  1.930532  0.000100
  9855.357422  1.928368  0.000100
  9712.939453  1.925874  0.009600
  9587.492188  1.925409  0.022700
  9377.291016  1.926333  0.015800
  9144.748047  1.928020  0.034200
  9026.199219  1.927200  0.055000
  8899.455078  1.923985  0.080600
  8839.418945  1.917727  0.110500
  8805.415039  1.914467  0.147300
  8764.507813  1.907609  0.166100
  8798.728516  1.900806  0.169100
  8872.392578  1.893893  0.159300
  9052.470703  1.883712  0.155000
  9128.431641  1.877164  0.159500
  9172.232422  1.872950  0.159300
  9090.120117  1.873646  0.140400
  8983.302734  1.876405  0.109100
  8774.096680  1.884830  0.092300
  8564.415039  1.892823  0.114100
  8464.705078  1.895484  0.163600
  8348.264648  1.897400  0.210100
  8174.533691  1.900669  0.242300
  8005.761719  1.904908  0.259500
  7687.531738  1.914793  0.254500
  7505.588867  1.921461  0.232800
  7416.843750  1.924317  0.203200
  7416.077637  1.919199  0.192800
  7489.134766  1.910218  0.212600
  8000.791992  2.057149  0.011900
  8000.791992  2.057149  0.011900
  8017.167969  2.058143  0.058400
  8020.230469  2.063556  0.108300
  7737.677734  2.102919  0.162500
  7323.449219  2.152176  0.192800
  6814.913574  2.215338  0.090800
  6185.858887  2.319045  0.011300
  5834.330078  2.405374  0.007000
  5595.866211  2.479419  0.005000
  5438.938965  2.546166  0.005900
  5416.502930  2.565431  0.004300
  5413.608398  2.572384  0.005700
  5427.424316  2.572597  0.004100
  5433.267090  2.570671  0.005200
  5439.917480  2.567314  0.004300
  5460.572266  2.556034  0.004600
  5486.831543  2.542080  0.006200
  5516.656250  2.527701  0.008700
  5571.354004  2.502591  0.010300
  5627.020508  2.478646  0.011000
  5645.992188  2.467850  0.008700
  5638.652832  2.464505  0.009300
  5593.786621  2.476095  0.007000
  5546.213867  2.489957  0.005000
  5479.033691  2.512083  0.005400
  5425.568848  2.530062  0.008900
  5393.218750  2.541511  0.017900
  5359.974609  2.554003  0.044500
  5346.871582  2.559740  0.014300
  5354.511230  2.557521  0.010000
  5447.550781  2.525649  0.006700
  5737.014160  2.438070  0.006700
  6051.180664  2.359962  0.003500
  6689.554688  2.236980  0.002900
  7430.886230  2.133210  0.002100
  7956.183594  2.074617  0.169300
  8708.827148  2.005279  0.124100
  9528.376953  1.948721  0.085600
  10108.747070  1.917476  0.074000
  10901.096680  1.883087  0.065000
  11685.070313  1.856111  0.065900
  12109.673828  1.843837  0.059900
  12521.354492  1.832481  0.057800
  12762.042969  1.826151  0.053700
  12843.076172  1.824174  0.048800
  12899.080078  1.823346  0.049800
  12924.562500  1.824264  0.054700
  12906.586914  1.824823  0.058300
  12843.149414  1.826414  0.049900
  12670.280273  1.827731  0.052700
  12509.225586  1.828937  0.038400
  12307.843750  1.830942  0.054700
  12046.160156  1.835088  0.048900
  11840.879883  1.838572  0.061400
  11619.099609  1.842516  0.063000
  11347.151367  1.847286  0.073400
  11177.475586  1.850566  0.089500
  11032.315430  1.853984  0.095200
  10901.113281  1.858543  0.096500
  10810.645508  1.861855  0.089200
  10704.630859  1.865148  0.093400
  10452.671875  1.870906  0.088200
  10095.281250  1.871135  0.074900
  9686.459961  1.869358  0.063100
  9086.413086  1.869709  0.085300
  8625.826172  1.868756  0.082300
  8230.119141  1.867007  0.127300
  7696.027832  1.863485  0.225600
  7210.657715  1.860739  0.281100
  6792.498535  1.859108  0.272200
  6212.292969  1.857831  0.252700
  5803.966309  1.853445  0.237000
  5584.269531  1.854473  0.236000
  5429.708984  1.860505  0.254600
  5385.031250  1.861265  0.266800
  5353.553711  1.861896  0.275900
  5297.760742  1.863914  0.283700
  5220.750488  1.867980  0.291600
  5165.487305  1.871110  0.293100
  5108.173340  1.874316  0.288300
  5098.707031  1.874318  0.281000
  5101.492188  1.874014  0.283500
  5136.306641  1.870947  0.296900
  5191.109863  1.866487  0.303800
  5245.208984  1.862391  0.321500
  5355.605469  1.854578  0.314700
  5517.000000  1.844252  0.326800
  5643.180664  1.836852  0.327900
  5832.618652  1.826307  0.324400
  6023.765625  1.816133  0.306400
  6152.578125  1.809554  0.283200
  6332.274414  1.801081  0.253000
  6569.516113  1.791455  0.256500
  6751.986328  1.785272  0.274300
  6988.886230  1.777946  0.278800
  7204.650879  1.772280  0.279300
  7294.100586  1.769842  0.268200
  7355.969238  1.767983  0.252500
  7367.607422  1.767405  0.219500
  7354.628418  1.767934  0.214500
  7313.921875  1.769166  0.235700
  7254.996094  1.771539  0.246200
  7205.770020  1.773255  0.244800
  7144.602051  1.775275  0.254900
  7058.215820  1.777766  0.272500
  6992.055176  1.780247  0.287000
  6928.466797  1.783088  0.279200
  6873.690430  1.786233  0.253600
  6893.468262  1.786604  0.216700
  6948.217773  1.786767  0.220900
  7116.359375  1.783941  0.248600
  7259.718262  1.781237  0.262800
  7391.697754  1.779135  0.265300
  7516.752930  1.777446  0.258700
  7588.544434  1.776930  0.251700
  7656.800781  1.776502  0.239100
  7775.407715  1.774452  0.234500
  7899.814453  1.772742  0.235000
  8011.914551  1.771262  0.246000
  8142.107422  1.770089  0.236700
  8234.186523  1.769381  0.240600
  8309.969727  1.769062  0.232300
  8414.774414  1.768584  0.231900
  8503.791992  1.767916  0.224700
  8594.330078  1.767237  0.209500
  8795.530273  1.766622  0.199300
  9084.123047  1.770608  0.196700
  9352.761719  1.774793  0.206700
  9767.747070  1.780459  0.201600
  10118.234375  1.784561  0.194600
  10297.172852  1.788467  0.171100
  10428.239258  1.793713  0.142800
  10445.612305  1.800836  0.107100
  10449.920898  1.805997  0.090700
  10452.534180  1.814794  0.103500
  10408.662109  1.822735  0.142700
  10334.605469  1.827868  0.172100
  10104.084961  1.830412  0.194600
  9781.690430  1.835011  0.207400
  9524.062500  1.839404  0.200800
  9152.803711  1.847671  0.188100
  8871.796875  1.857038  0.176200
  8739.937500  1.862954  0.160200
  8604.595703  1.867751  0.185800
  8456.368164  1.861740  0.219400
  8412.938477  1.854612  0.243000
  8390.743164  1.846172  0.251700
  8475.461914  1.843348  0.258400
  8569.254883  1.840858  0.241800
  8726.153320  1.836678  0.242900
  9024.774414  1.828760  0.210200
  9281.383789  1.822626  0.188200
  9612.218750  1.814931  0.170900
  10005.123047  1.806087  0.164600
  10294.767578  1.805923  0.159300
  10609.085938  1.808973  0.157000
  10917.270508  1.813917  0.160300
  11129.980469  1.814424  0.158900
  11370.929688  1.813655  0.157000
  11755.839844  1.815121  0.151100
  12045.068359  1.816849  0.145500
  12341.781250  1.818702  0.131400
  12710.916016  1.820964  0.100800
  12995.140625  1.822292  0.078600
  13268.036133  1.823232  0.067600
  13607.386719  1.823974  0.066700
  13819.047852  1.824266  0.064900
  13982.299805  1.825088  0.061500
  14129.823242  1.826464  0.064000
  14176.604492  1.826712  0.060900
  14185.234375  1.826797  0.060000
  14051.086914  1.824172  0.066600
  13820.993164  1.821503  0.068200
  13589.066406  1.819165  0.055800
  13303.266602  1.816692  0.041300
  13226.454102  1.815674  0.057000
  13215.513672  1.815799  0.088100
  13288.395508  1.818795  0.109900
  13285.231445  1.822012  0.121300
  13246.073242  1.825240  0.106500
  13039.845703  1.829192  0.085200
  12682.991211  1.836002  0.053600
  12362.726563  1.844620  0.036300
  11838.360352  1.863699  0.000100
  11275.860352  1.888255  0.000100
  10806.896484  1.908578  0.000100
  10015.664063  1.942593  0.003000
  9227.069336  1.975829  0.000100
  8732.796875  1.997295  0.000100
  8110.512207  2.026371  0.001900
  7593.625000  2.054524  0.003000
  7464.828125  2.062571  0.002900
  7410.066895  2.066578  0.001600
  7780.899414  2.039591  0.002100
  8179.318848  2.015542  0.001800
  8824.448242  1.982250  0.004200
  9469.533203  1.950050  0.011300
  9758.073242  1.932673  0.009400
  9993.226563  1.916678  0.022000
  10095.287109  1.907378  0.000100
  10110.982422  1.905502  0.000100
  10111.368164  1.904534  0.000100
  9974.616211  1.911792  0.060800
  9784.584961  1.920073  0.112800
  9486.462891  1.931352  0.116600
  9121.367188  1.941935  0.090400
  8895.414063  1.950470  0.102300
  8737.243164  1.959813  0.124100
  8726.534180  1.966227  0.073000
  8782.276367  1.965371  0.014900
  8900.637695  1.961799  0.009100
  9097.232422  1.952277  0.013400
  9305.348633  1.942386  0.030800
  9538.600586  1.931373  0.057000
  9792.469727  1.919270  0.059900
  9904.019531  1.911772  0.060800
  9992.597656  1.904443  0.051500
  10098.065430  1.893718  0.033700
  10173.438477  1.885638  0.027000
  10200.602539  1.879308  0.028100
  10154.147461  1.873677  0.025500
  10048.133789  1.870989  0.036000
  9916.160156  1.868779  0.034300
  9713.415039  1.865294  0.056000
  9551.028320  1.861562  0.090600
  9430.127930  1.857782  0.137400
  9310.367188  1.852374  0.155700
  9292.569336  1.849454  0.180400
  9286.801758  1.846115  0.172000
  9296.322266  1.844354  0.175400
  9278.693359  1.844826  0.173900
  9250.554688  1.845979  0.124700
  9164.291016  1.851526  0.068900
  9051.257813  1.859290  0.054400
  8995.399414  1.865219  0.087000
  8979.537109  1.872296  0.109000
  9013.612305  1.878304  0.166500
  9013.023438  1.883855  0.192900
  8918.908203  1.892020  0.204200
  8712.354492  1.903487  0.151900
  8579.860352  1.911920  0.091500
  8460.577148  1.921123  0.051700
  8519.551758  1.920639  0.059700
  8625.008789  1.917803  0.132000
  8864.911133  1.908556  0.180000
  8989.137695  1.903246  0.202800
  8952.645508  1.903769  0.188400
  8728.661133  1.908561  0.136800
  8419.645508  1.919588  0.077900
  8272.944336  1.924843  0.051300
  8142.691406  1.929056  0.084100
  8052.204102  1.929998  0.143000
  7955.389160  1.932799  0.186600
  7777.620605  1.939586  0.213500
  7438.666504  1.956214  0.221200
  7187.530273  1.970758  0.225200
  6945.076660  1.986167  0.230000
  6816.206543  1.995553  0.221600
  6800.171387  1.995362  0.225800
  6796.122559  1.995165  0.238600
  6807.099121  1.993478  0.241300
  6815.109863  1.992284  0.223700
  6819.458496  1.991488  0.218100
  6803.092285  1.991598  0.222800
  6801.563965  1.990408  0.230900
  6803.468750  1.987924  0.220300
  6803.706055  1.984342  0.212100
  6794.877441  1.982957  0.231800
  6789.139160  1.981272  0.245900
  6822.407227  1.975301  0.252700
  6845.358398  1.970718  0.253200
  6854.491211  1.968368  0.259300
  6843.059082  1.967587  0.248900
  6867.711426  1.964476  0.228100
  6921.813965  1.958885  0.209700
  7105.188965  1.944198  0.217600
  7289.979492  1.930730  0.249100
  7449.289551  1.920004  0.249900
  7636.809570  1.907939  0.238200
  7778.714355  1.900177  0.208000
  7918.430664  1.892933  0.175000
  8209.163086  1.879306  0.166900
  8518.797852  1.865357  0.191600
  8752.527344  1.855510  0.205800
  9012.732422  1.845034  0.194300
  9098.895508  1.841987  0.166300
  9113.765625  1.841663  0.148000
  9089.782227  1.843167  0.147900
  9071.982422  1.844731  0.169400
  9054.622070  1.846144  0.175300
  9010.704102  1.848925  0.189000
  8903.308594  1.853505  0.193400
  8846.170898  1.856427  0.200000
  8804.467773  1.859508  0.203200
  8895.793945  1.859701  0.205500
  9002.951172  1.858946  0.206100
  9207.307617  1.855488  0.192500
  9432.070313  1.851372  0.181400
  9585.648438  1.848481  0.152100
  9780.607422  1.843882  0.138400
  9927.527344  1.833022  0.124700
  10032.573242  1.829596  0.130900
  10173.645508  1.829060  0.135000
  10317.914063  1.829084  0.152800
  10426.947266  1.829949  0.161000
  10577.976563  1.831727  0.162700
  10793.775391  1.835224  0.160300
  10951.387695  1.837133  0.145400
  11136.020508  1.838827  0.131900
  11340.697266  1.839223  0.113900
  11530.477539  1.842333  0.094300
  11765.085938  1.846142  0.073900
  12024.652344  1.844540  0.091400
  12179.652344  1.843721  0.094000
  12300.191406  1.843411  0.106100
  12353.913086  1.843159  0.107900
  12355.885742  1.842479  0.110500
  12355.431641  1.841508  0.103300
  12416.955078  1.841147  0.099800
  12502.723633  1.840873  0.098400
  12608.012695  1.840738  0.094700
  12751.072266  1.840538  0.094700
  12839.717773  1.839766  0.092100
  12914.840820  1.838625  0.089700
  13013.774414  1.836190  0.090600
  13119.454102  1.833831  0.087800
  13226.689453  1.831605  0.092500
  13388.526367  1.827895  0.095400
  13524.362305  1.824944  0.090800
  13634.272461  1.822104  0.079500
  13780.007813  1.818986  0.073000
  13901.802734  1.816687  0.063500
  14016.718750  1.815715  0.059100
  14206.438477  1.814861  0.056600
  14365.620117  1.814928  0.056500
  14475.931641  1.814842  0.059200
  14604.282227  1.815314  0.058300
  14673.798828  1.815520  0.057000
  14699.784180  1.815616  0.048400
  14712.805664  1.815664  0.041900
  14727.989258  1.815311  0.047200
  14749.741211  1.815257  0.046600
  14797.266602  1.814931  0.049400
  14812.527344  1.813804  0.054200
  14811.885742  1.812846  0.058000
  14790.276367  1.810586  0.060500
  14754.363281  1.807884  0.055400
  14734.992188  1.806149  0.052600
  14714.424805  1.802539  0.053100
  14708.522461  1.799669  0.052900
  14698.419922  1.797459  0.055700
  14681.685547  1.794551  0.056000
  14669.797852  1.791383  0.055200
  14678.258789  1.789163  0.053800
  14710.696289  1.786810  0.056300
  14770.251953  1.785052  0.057300
  14808.213867  1.783975  0.054400
  14851.896484  1.782625  0.051900
  14893.041016  1.781309  0.046600
  14927.721680  1.780671  0.047900
  14960.309570  1.780259  0.052100
  14964.781250  1.779989  0.053100
  14928.175781  1.779652  0.053100
  14830.378906  1.779124  0.051900
  14664.629883  1.778906  0.051500
  14551.416992  1.779225  0.055100
  14451.035156  1.780555  0.055000
  14375.939453  1.783303  0.064100
  14329.291992  1.786218  0.070800
  14285.164063  1.789474  0.074800
  14235.856445  1.793716  0.072100
  14213.989258  1.796668  0.056300
  14189.492188  1.799607  0.052500
  14130.502930  1.802243  0.048700
  14090.373047  1.804047  0.048500
  14054.906250  1.805772  0.043300
  14001.010742  1.807163  0.040600
  13922.321289  1.807375  0.059000
  13835.810547  1.807477  0.076200
  13686.964844  1.806373  0.079300
  13551.554688  1.805670  0.074600
  13427.731445  1.804878  0.073600
  13251.034180  1.803915  0.073200
  13139.041992  1.804424  0.073000
  13062.277344  1.804536  0.084400
  12985.106445  1.805178  0.081000
  12948.324219  1.805661  0.086400
  12923.399414  1.806148  0.089500
  12888.541016  1.806595  0.093900
  12812.204102  1.806531  0.089000
  12746.409180  1.806341  0.079300
  12667.861328  1.805985  0.072800
  12689.906250  1.806026  0.077500
  12722.799805  1.805615  0.088900
  12793.203125  1.805378  0.101900
  12764.373047  1.804355  0.109800
  12716.090820  1.803396  0.105100
  12587.202148  1.801296  0.087100
  12494.736328  1.799258  0.071500
  12489.774414  1.798485  0.088200
  12545.249023  1.797184  0.100900
  12687.466797  1.796602  0.110300
  12793.580078  1.797040  0.106600
  12927.462891  1.798507  0.105300
  13048.311523  1.800568  0.098100
  13063.148438  1.801103  0.086800
  13054.276367  1.802104  0.066900
  12961.209961  1.803254  0.049600
  12900.813477  1.804003  0.038200
  12837.146484  1.804480  0.035500
  12771.404297  1.804986  0.050900
  12717.602539  1.805492  0.113900
  12650.391602  1.804850  0.141000
  12589.500000  1.802920  0.129400
  12540.258789  1.798997  0.115800
  12504.286133  1.795734  0.103200
  12627.001953  1.791388  0.086000
  12801.298828  1.788214  0.062600
  13029.585938  1.785020  0.066000
  13246.517578  1.781027  0.081100
  13305.712891  1.777076  0.091800
  13310.748047  1.774641  0.087000
  13024.159180  1.771163  0.080400
  12605.195313  1.770219  0.082400
  12087.820313  1.771922  0.071900
  11354.391602  1.779149  0.024000
  10786.399414  1.786573  0.024000
  10252.833008  1.794698  0.098000
  9525.152344  1.807165  0.174600
  8957.972656  1.819566  0.223700
  8472.299805  1.832079  0.240200
  7870.511230  1.852450  0.268600
  7503.001953  1.870250  0.255800
  7276.621094  1.883636  0.251700
  7097.774414  1.896410  0.240800
  7056.661133  1.900283  0.253700
  7048.958984  1.901224  0.251200
  7083.304199  1.899412  0.252200
  7124.322754  1.896963  0.244100
  7159.218262  1.894453  0.249500
  7216.998535  1.890475  0.257300
  7322.690430  1.883811  0.246100
  7424.871582  1.877302  0.231000
  7591.946777  1.867598  0.227300
  7697.549805  1.861466  0.242900
  7719.796875  1.860497  0.225100
  7710.954590  1.861566  0.197000
  7638.831543  1.866859  0.168200
  7568.307129  1.871616  0.186100
  7452.070313  1.880319  0.214400
  7319.001465  1.890442  0.242000
  7201.158691  1.899512  0.262300
  6985.841797  1.916218  0.263600
  6724.889160  1.938523  0.264300
  6569.893066  1.952972  0.259400
  6400.887695  1.970455  0.266400
  6287.189453  1.982962  0.260900
  6230.826172  1.989225  0.271900
  6171.213379  1.995590  0.284300
  6114.177246  2.001491  0.298700
  6081.007324  2.004733  0.298000
  6050.898438  2.007676  0.293700
  6035.484863  2.008311  0.290700
  6043.020020  2.006934  0.289500
  6069.406738  2.002413  0.284900
  6114.219238  1.995423  0.288500
  6137.694336  1.992036  0.290900
  6160.162109  1.988911  0.286100
  6189.139648  1.985759  0.283300
  6225.658691  1.981715  0.275500
  6279.125000  1.975968  0.274900
  6358.364258  1.968130  0.273400
  6415.986816  1.962776  0.273400
  6463.114746  1.958780  0.258900
  6491.855957  1.957393  0.254300
  6493.526855  1.958285  0.246800
  6493.668945  1.959180  0.248700
  6504.823730  1.958647  0.253500
  6519.233398  1.957403  0.265000
  6536.555664  1.955549  0.277900
  6566.030762  1.952930  0.270800
  6587.748047  1.950731  0.265800
  6604.502930  1.948743  0.261900
  6621.131348  1.946241  0.261100
  6646.624023  1.943067  0.250900
  6677.456543  1.939143  0.245500
  6742.256836  1.932413  0.251000
  6792.755859  1.927855  0.253500
  6829.852051  1.924596  0.251100
  6877.801758  1.920708  0.246600
  7025.527344  1.910207  0.243600
  7251.195801  1.897354  0.240500
  7926.127441  1.873496  0.251000
  8689.730469  1.856879  0.248000
  9313.488281  1.845683  0.265500
  10200.060547  1.830397  0.213400
  10896.543945  1.816189  0.119500
  11360.052734  1.806383  0.034900
  11990.152344  1.793092  0.000100
  12674.720703  1.781121  0.022300
  13146.506836  1.775416  0.051600
  13706.633789  1.771203  0.085700
  13842.281250  1.769830  0.103900
  13809.481445  1.768959  0.104400
  13544.423828  1.764378  0.097100
  13155.673828  1.760573  0.081600
  12956.184570  1.759400  0.063000
  12802.823242  1.758984  0.054300
  12872.005859  1.758603  0.081600
  12940.126953  1.758260  0.110400
  13019.707031  1.757751  0.142200
  13042.316406  1.757169  0.142900
  13085.754883  1.756637  0.117700
  13203.644531  1.756729  0.092600
  13491.679688  1.757935  0.080600
  13753.499023  1.758364  0.085300
  14032.199219  1.757821  0.079000
  14162.545898  1.757153  0.050000
  14125.026367  1.756913  0.000100
  14011.381836  1.757320  0.000100
  13827.354492  1.757511  0.000100
  13626.541992  1.758348  0.080800
  13324.670898  1.759454  0.137000
  12676.965820  1.761999  0.141600
  12080.862305  1.765073  0.105000
  11440.041016  1.769384  0.101200
  10681.713867  1.777649  0.121400
  10288.073242  1.784929  0.132200
  9964.888672  1.791627  0.171200
  9603.677734  1.800027  0.188400
  9230.950195  1.809216  0.201000
  8847.264648  1.819521  0.202400
  8334.539063  1.837323  0.191600
  8049.574219  1.848980  0.164700
  7872.090332  1.856573  0.176000
  7749.186523  1.862096  0.212300
  7722.193359  1.862181  0.243600
  7713.250000  1.862243  0.249700
  7723.017090  1.860083  0.254800
  7747.916992  1.858078  0.251800
  7791.560059  1.855345  0.252900
  7975.888184  1.847859  0.229300
  8213.955078  1.839410  0.226000
  8430.294922  1.832592  0.204600
  8763.943359  1.824344  0.180800
  9098.287109  1.818887  0.174300
  9400.709961  1.815673  0.168200
  9955.365234  1.814206  0.161400
  10530.553711  1.817783  0.137300
  10939.866211  1.821028  0.111000
  11500.088867  1.825706  0.089400
  11990.255859  1.828220  0.039800
  12343.841797  1.829540  0.000100
  12882.083984  1.829661  0.000100
  13409.959961  1.830224  0.011000
  13733.377930  1.830684  0.027400
  14090.551758  1.831453  0.032200
  14201.818359  1.830138  0.026600
  14171.417969  1.828962  0.025400
  13998.739258  1.823788  0.019500
  13844.062500  1.818166  0.016400
  13840.098633  1.816565  0.023100
  13899.627930  1.813485  0.044400
  14000.809570  1.810825  0.074000
  14063.541016  1.808782  0.087000
  14135.777344  1.806050  0.081300
  14228.184570  1.802328  0.045900
  14334.995117  1.800252  0.009700
  14512.857422  1.797521  0.000100
  14828.658203  1.794505  0.001100
  15050.896484  1.792254  0.010300
  15245.215820  1.789123  0.020100
  15320.992188  1.784936  0.027100
  15325.153320  1.781669  0.033900
  15315.849609  1.778522  0.042500
  15302.442383  1.774842  0.051100
  15263.894531  1.773422  0.062600
  15181.930664  1.769861  0.066600
  14981.782227  1.766793  0.066000
  14776.682617  1.764706  0.056100
  14587.339844  1.762944  0.053600
  14447.790039  1.761931  0.059100
  14478.980469  1.762273  0.073500
  14535.189453  1.762862  0.090600
  14603.661133  1.763835  0.104100
  14586.775391  1.763498  0.099700
  14548.167969  1.763425  0.072100
  14405.988281  1.762637  0.034800
  14361.187500  1.762653  0.018700
  14355.382813  1.762374  0.031700
  14507.178711  1.763807  0.063000
  14645.543945  1.766222  0.088600
  14697.351563  1.767329  0.096500
  14674.048828  1.769245  0.095700
  14636.603516  1.771138  0.078700
  14607.437500  1.772711  0.072200
  14587.257813  1.775156  0.039600
  14621.516602  1.777532  0.029500
  14615.230469  1.778802  0.026400
  14421.051758  1.781079  0.034000
  14015.368164  1.783422  0.027500
  13644.696289  1.784567  0.025200
  13098.873047  1.784168  0.036500
  12812.747070  1.781380  0.080300
  12769.658203  1.780965  0.141500
  12782.783203  1.781115  0.174200
  12818.530273  1.781806  0.181600
  12802.207031  1.781691  0.158600
  12678.553711  1.781168  0.085400
  12509.438477  1.781913  0.000100
  12434.195313  1.782580  0.000100
  12362.620117  1.783692  0.000100
  12246.821289  1.785450  0.070900
  12052.774414  1.788105  0.139900
  11587.181641  1.792955  0.160200
  10842.920898  1.796291  0.168300
  10307.422852  1.799326  0.164000
  8094.842285  2.069735  0.001000
  8094.842285  2.069735  0.001000
  8086.762207  2.064344  0.001200
  8049.353027  2.056025  0.001500
  8069.802246  2.062675  0.001800
  8096.920898  2.065300  0.002400
  8112.430176  2.058689  0.002900
  8109.004883  2.054456  0.002900
  8099.510742  2.052711  0.002900
  8078.455566  2.052016  0.002600
  8066.706543  2.053529  0.001400
  8048.931152  2.057106  0.000900
  7971.094238  2.064242  0.001000
  7860.834473  2.070622  0.002000
  7731.955566  2.078694  0.003900
  7612.272461  2.090241  0.004800
  7562.245605  2.099004  0.002600
  7505.991211  2.109720  0.001800
  7418.304688  2.122568  0.001500
  7329.314941  2.130601  0.001500
  7232.851563  2.140466  0.001700
  7170.857910  2.149489  0.002400
  7160.897949  2.155575  0.004000
  7196.365234  2.164492  0.006200
  7252.490234  2.176842  0.008700
  7292.282227  2.186793  0.011200
  7285.776367  2.204621  0.010300
  7255.816895  2.226036  0.005000
  7218.125977  2.242439  0.001400
  7140.162598  2.270312  0.000300
  7072.546387  2.298375  0.000100
  7029.020020  2.321358  0.000100
  6919.085938  2.357294  0.000100
  6775.975098  2.388592  0.000100
  6631.891113  2.413883  0.000100
  6475.758301  2.447037  0.000100
  6370.415039  2.470077  0.000100
  6274.970215  2.488592  0.000100
  6166.769043  2.509951  0.000100
  6095.742676  2.523082  0.000100
  6041.571777  2.533702  0.000100
  5996.473633  2.543524  0.000100
  5976.034180  2.547123  0.000100
  5963.916992  2.548181  0.000100
  5950.688965  2.545605  0.000100
  5938.540527  2.543505  0.000100
  5928.560547  2.537078  0.000100
  5943.638672  2.527942  0.000100
  5983.139648  2.520802  0.000100
  6031.629883  2.510267  0.000100
  6066.379883  2.498701  0.000100
  6076.294434  2.491940  0.000100
  6085.987305  2.483281  0.000100
  6090.077148  2.475623  0.000100
  6080.249512  2.470563  0.000100
  6081.472168  2.462167  0.000200
  6112.455078  2.451843  0.000200
  6168.252441  2.442893  0.000300
  6278.826172  2.425370  0.000400
  6405.213379  2.404909  0.000600
  6511.759766  2.386449  0.001700
  6656.911621  2.353952  0.004200
  6805.684570  2.322802  0.003600
  6966.816406  2.295026  0.001400
  7218.900391  2.254396  0.000200
  7450.466309  2.222485  0.000100
  7641.590332  2.193811  0.000100
  7809.970215  2.156768  0.000100
  7867.618164  2.131072  0.000100
  7927.198730  2.106478  0.000200
  8063.996582  2.078066  0.000300
  8200.722656  2.059392  0.000200
  8370.055664  2.040578  0.000100
  8542.778320  2.019714  0.000100
  8638.017578  2.006468  0.000500
  8695.333984  1.991886  0.002700
  8702.565430  1.977241  0.010400
  8640.969727  1.967545  0.032400
  8563.746094  1.958885  0.068200
  8426.311523  1.941734  0.086200
  8327.492188  1.928806  0.080400
  8201.722656  1.914356  0.111200
  8028.853516  1.899451  0.142600
  7877.410156  1.889887  0.175300
  7681.773438  1.875860  0.204900
  7520.457031  1.863477  0.227900
  7347.470215  1.855111  0.247400
  6966.856445  1.842491  0.269800
  6573.632324  1.829658  0.288900
  6333.366699  1.823754  0.305600
  6188.371582  1.822293  0.311700
  6116.936523  1.821127  0.294600
  6075.782227  1.820543  0.294500
  6062.866699  1.820773  0.292100
  6141.946777  1.822103  0.268300
  6270.903320  1.823694  0.225100
  6288.776855  1.825892  0.202000
  6150.263184  1.828145  0.228700
  5977.317383  1.830526  0.269400
  5870.231445  1.834117  0.290900
  5834.827637  1.836771  0.296500
  5830.640137  1.839579  0.295300
  5857.437500  1.842933  0.288300
  5920.604492  1.843985  0.276200
  6004.200684  1.846842  0.265700
  6097.897461  1.847700  0.256300
  6200.230957  1.847946  0.241900
  6332.923828  1.847231  0.225400
  6452.045410  1.845605  0.212600
  6484.947266  1.843914  0.212100
  6450.780273  1.841035  0.221300
  6369.009277  1.837420  0.238200
  6287.285645  1.834723  0.252100
  6251.139160  1.831713  0.261200
  6245.398438  1.829867  0.260500
  6249.641602  1.827921  0.255700
  6224.585938  1.827153  0.253900
  6178.901367  1.827471  0.257700
  6128.732910  1.828264  0.263800
  6054.800293  1.830812  0.269800
  5988.535156  1.834192  0.273700
  5941.477051  1.837683  0.275400
  5879.462402  1.844055  0.275200
  5818.359375  1.849594  0.275900
  5747.448242  1.855003  0.280000
  5660.902832  1.862328  0.284100
  5601.175781  1.867875  0.287300
  5550.499512  1.873188  0.289100
  5497.884277  1.879369  0.288600
  5469.708008  1.883160  0.287600
  5454.302734  1.886751  0.286900
  5452.311523  1.889714  0.284400
  5465.010254  1.890902  0.279200
  5474.314941  1.891491  0.272900
  5480.177734  1.891548  0.267700
  5469.510742  1.891468  0.268000
  5453.790527  1.891461  0.273200
  5448.380859  1.891881  0.278400
  5454.460449  1.892345  0.282300
  5463.537109  1.893056  0.282100
  5465.585938  1.893638  0.280800
  5465.138184  1.894301  0.282200
  5464.596680  1.895318  0.282800
  5470.034180  1.896538  0.282100
  5476.718750  1.896693  0.281700
  5485.250000  1.897434  0.285300
  5488.404297  1.897493  0.287400
  5485.947754  1.897618  0.290500
  5505.404297  1.898599  0.292500
  5574.274902  1.912150  0.291700
  5644.415527  1.921643  0.287700
  5710.641602  1.921632  0.283900
  5770.196289  1.921550  0.279700
  5825.183594  1.921694  0.273500
  5887.989258  1.922354  0.269700
  5933.418945  1.923400  0.265200
  5968.341797  1.925015  0.261100
  5996.021484  1.927079  0.259200
  6011.393066  1.928395  0.259200
  6016.939453  1.927585  0.260300
  5977.758789  1.911154  0.262000
  5997.348633  1.915866  0.261600
  6052.902344  1.932237  0.260800
  6109.113770  1.949180  0.260100
  6164.710449  1.962308  0.256500
  6231.767578  1.975687  0.250500
  6264.181152  1.976949  0.244700
  6282.714355  1.977403  0.242200
  6290.459473  1.978401  0.241500
  6277.471191  1.979429  0.243800
  6261.048340  1.985215  0.249300
  6262.446289  2.003738  0.253300
  6225.436523  2.007184  0.252400
  6200.245117  2.008891  0.250000
  6174.803223  2.012294  0.248100
  6155.850098  2.014051  0.247000
  6159.105957  2.019534  0.246500
  6191.964844  2.039265  0.247700
  6213.411621  2.054602  0.250000
  6231.688965  2.066594  0.254200
  6264.010742  2.082958  0.260600
  6252.968750  2.082674  0.267700
  6241.302734  2.079974  0.270600
  6250.606445  2.075902  0.268100
  6274.051270  2.072095  0.261000
  6299.953613  2.067470  0.255200
  6329.261230  2.060423  0.254500
  6349.619629  2.054413  0.258500
  6385.644531  2.046903  0.259500
  6466.601074  2.036865  0.251700
  6554.275879  2.029384  0.242900
  6630.551270  2.020021  0.244500
  6670.153320  2.008182  0.257600
  6669.839844  1.999902  0.268000
  6726.944336  1.988958  0.269100
  6846.006836  1.977804  0.260800
  6972.264648  1.971088  0.245000
  7161.119141  1.962994  0.225200
  7360.943848  1.956957  0.206800
  7510.561035  1.953978  0.195100
  7621.769531  1.951124  0.191400
  7655.374512  1.949974  0.194400
  7623.555664  1.949936  0.201200
  7587.993652  1.951633  0.206200
  7550.485352  1.954492  0.210400
  7494.380859  1.957045  0.218000
  7399.359863  1.961155  0.226800
  7316.792969  1.964577  0.232400
  7264.182617  1.966899  0.235000
  7221.590820  1.969226  0.236000
  7206.971191  1.969807  0.235100
  7217.820313  1.969932  0.231600
  7253.356445  1.967806  0.228000
  7292.647949  1.964356  0.226300
  7341.011719  1.958913  0.226200
  7436.035156  1.948750  0.227100
  7524.872559  1.939297  0.228500
  7656.425293  1.927426  0.226200
  7899.422852  1.910794  0.217600
  8150.284668  1.899173  0.205600
  8485.002930  1.885203  0.196700
  8895.107422  1.869989  0.189600
  9191.962891  1.861168  0.181500
  9610.079102  1.851569  0.167900
  10146.196289  1.844792  0.144100
  10649.354492  1.842498  0.112300
  11320.573242  1.842021  0.079700
  11925.078125  1.844697  0.051500
  12274.528320  1.847376  0.032900
  12539.298828  1.852733  0.025900
  12579.833008  1.860544  0.028100
  12426.389648  1.862912  0.028400
  12195.759766  1.872341  0.017500
  11991.038086  1.880067  0.002000
  11853.847656  1.885263  0.000100
  11675.328125  1.892183  0.000100
  11517.372070  1.896434  0.000100
  11411.583984  1.899224  0.000100
  11304.156250  1.901893  0.000100
  11255.697266  1.904237  0.000100
  11199.668945  1.905682  0.000100
  11096.986328  1.907439  0.000100
  10989.899414  1.907994  0.001400
  10873.117188  1.908176  0.003600
  10791.406250  1.908014  0.000100
  10776.023438  1.907673  0.000100
  10780.660156  1.907699  0.000100
  10783.076172  1.907217  0.000100
  10788.500977  1.906150  0.000100
  10828.386719  1.904822  0.000100
  10895.733398  1.902624  0.000100
  10949.967773  1.901155  0.000100
  11045.548828  1.899490  0.000100
  11214.051758  1.897607  0.000100
  11353.168945  1.895601  0.000100
  11350.058594  1.892658  0.006200
  11158.004883  1.888445  0.032400
  10982.523438  1.884489  0.056900
  10902.444336  1.880491  0.051000
  10900.122070  1.877286  0.029400
  10901.116211  1.875777  0.012000
  10694.222656  1.874001  0.009000
  10349.869141  1.873294  0.026700
  9921.858398  1.873309  0.070400
  9295.880859  1.874858  0.133100
  8754.623047  1.878271  0.184800
  8393.903320  1.882240  0.208700
  8102.040039  1.891144  0.211900
  7943.737305  1.899269  0.207100
  7820.611816  1.907193  0.204100
  7661.234375  1.917730  0.204700
  7580.233887  1.925310  0.204900
  7551.840332  1.932752  0.204400
  7546.263184  1.941233  0.206500
  7551.785156  1.946693  0.210400
  7548.931152  1.952086  0.209300
  7562.435059  1.957533  0.205200
  7592.681152  1.961054  0.199200
  7635.771484  1.965219  0.192200
  7701.970215  1.969539  0.177600
  7808.516602  1.973220  0.149000
  7885.092773  1.978217  0.116000
  7809.321777  1.984799  0.112200
  7595.577637  1.989594  0.145200
  7307.184082  1.997021  0.183200
  7061.693848  2.005265  0.211800
  6904.702637  2.010332  0.234800
  6761.664551  2.017325  0.252600
  6670.243164  2.022435  0.262000
  6627.894043  2.024832  0.263800
  6567.100586  2.027179  0.267400
  6516.869629  2.027173  0.270700
  6504.061523  2.026468  0.268400
  6530.926270  2.023959  0.260000
  6584.173828  2.021201  0.250100
  6639.024902  2.018443  0.239100
  6720.480469  2.014724  0.224400
  6821.559570  2.013289  0.207200
  6868.352539  2.012810  0.200000
  6779.763184  2.013754  0.218300
  6624.308594  2.016029  0.243300
  6495.425781  2.019517  0.257800
  6407.347168  2.025489  0.261300
  6369.170898  2.030571  0.258100
  6358.054199  2.036523  0.248800
  6358.808105  2.043768  0.236300
  6363.652832  2.048246  0.229700
  6316.606934  2.052773  0.238100
  6231.159668  2.055730  0.256400
  6161.384766  2.056496  0.270400
  6136.832031  2.056726  0.269800
  6170.686035  2.055756  0.255100
  6240.162109  2.054702  0.233100
  6333.723145  2.052305  0.212700
  6404.736816  2.049438  0.207800
  6397.114258  2.047535  0.225700
  6331.269043  2.045065  0.253000
  6265.127930  2.043292  0.269600
  6242.399414  2.042912  0.270600
  6239.672363  2.042953  0.265500
  6230.686523  2.043353  0.263000
  6206.502441  2.044043  0.264400
  6179.193848  2.044874  0.265000
  6166.359863  2.046168  0.261300
  6173.808594  2.047553  0.253200
  6169.091797  2.050349  0.248700
  6147.954590  2.053153  0.253100
  6109.098633  2.056048  0.265100
  6064.884277  2.060067  0.276300
  6046.650391  2.063125  0.280200
  6043.973145  2.066007  0.277300
  6039.637695  2.069525  0.272100
  6044.067383  2.071325  0.267000
  6049.592285  2.072231  0.264900
  6065.548340  2.071481  0.267200
  6081.013184  2.069386  0.271800
  6110.774902  2.065575  0.272900
  6168.965332  2.059203  0.265600
  6231.955566  2.054044  0.252500
  6320.473145  2.047171  0.238900
  6417.701172  2.039380  0.228000
  6480.922363  2.034287  0.221600
  6534.450684  2.027667  0.219800
  6559.433105  2.022171  0.222200
  6562.789551  2.019634  0.223900
  6584.112793  2.017367  0.219800
  6601.806641  2.017362  0.214200
  6594.503418  2.017544  0.214300
  6563.241211  2.019030  0.219200
  6528.439453  2.020595  0.226200
  6479.863281  2.022163  0.236400
  6403.283691  2.024256  0.248200
  6342.972168  2.026348  0.255400
  6310.474121  2.028071  0.258200
  6288.933105  2.030522  0.262000
  6277.714355  2.031965  0.267300
  6278.029785  2.033418  0.268800
  6281.995605  2.035230  0.267400
  6291.176758  2.037431  0.267200
  6284.849121  2.038293  0.268000
  6220.189941  2.022400  0.265800
  6201.993164  2.023091  0.263500
  6191.241699  2.026468  0.262700
  6188.016602  2.030189  0.259500
  6200.254883  2.032921  0.253500
  6204.677734  2.035014  0.249700
  6205.596191  2.036599  0.250500
  6183.348633  2.031313  0.253900
  6147.665039  2.015766  0.257500
  6177.971191  2.013264  0.257800
  6235.973145  2.016934  0.253900
  6350.829102  2.029579  0.247200
  6426.226563  2.024640  0.240600
  6483.161133  2.019862  0.235800
  6574.580566  2.011946  0.231400
  6677.020996  2.003673  0.227900
  6761.747070  1.997174  0.224200
  6877.870117  1.987554  0.220800
  7014.815430  1.991551  0.220500
  7107.964355  1.991954  0.220500
  7221.395996  1.982261  0.215700
  7312.293457  1.966418  0.206500
  7412.599121  1.952732  0.193300
  7505.695801  1.936128  0.180200
  7562.319336  1.932958  0.175100
  7557.792480  1.932561  0.180000
  7505.041504  1.933320  0.188700
  7445.322266  1.935216  0.194000
  7381.058105  1.938133  0.193800
  7287.107910  1.942755  0.190900
  7186.054199  1.945105  0.192800
  7089.009277  1.951005  0.198000
  7024.960449  1.966942  0.204900
  6989.686523  1.978221  0.211900
  6968.263184  1.987084  0.219900
  6940.208008  1.985279  0.232400
  6919.518066  1.978659  0.244700
  6910.656738  1.961430  0.246000
  6979.710938  1.954509  0.241500
  7057.760742  1.950783  0.233900
  7148.264160  1.942564  0.228400
  7192.764648  1.922982  0.227200
  7219.046875  1.909646  0.227600
  7285.710938  1.891263  0.225800
  7424.070801  1.883998  0.218700
  7546.438965  1.879702  0.210900
  7679.668457  1.873026  0.206300
  7821.587402  1.875992  0.206100
  7944.026367  1.876524  0.205800
  8134.482910  1.867381  0.200400
  8310.645508  1.853064  0.192100
  8490.780273  1.843519  0.183600
  8821.023438  1.846377  0.173700
  9124.335938  1.848263  0.163300
  9401.093750  1.846398  0.154100
  9677.379883  1.832422  0.150200
  9863.817383  1.823311  0.151500
  10088.234375  1.816431  0.150400
  10479.387695  1.812474  0.138700
  10851.885742  1.810045  0.119300
  11232.108398  1.808749  0.103300
  11612.079102  1.814068  0.099700
  11815.965820  1.812822  0.093300
  12084.130859  1.809201  0.082600
  12401.583008  1.805907  0.066100
  12588.644531  1.807012  0.051100
  12710.165039  1.811109  0.050100
  12760.631836  1.814251  0.059200
  12725.560547  1.814525  0.074500
  12735.785156  1.814056  0.088500
  12826.165039  1.812007  0.087500
  12977.479492  1.810842  0.075400
  13126.981445  1.809807  0.057800
  13210.523438  1.813877  0.043100
  13210.528320  1.816584  0.031900
  13178.309570  1.821019  0.025300
  13121.367188  1.823324  0.021800
  13083.062500  1.825489  0.022700
  13059.689453  1.828732  0.026300
  13037.327148  1.831192  0.032900
  12997.471680  1.832951  0.043000
  12903.151367  1.836499  0.049100
  12795.535156  1.838896  0.048400
  12621.914063  1.840431  0.051100
  12276.274414  1.840748  0.056300
  12004.033203  1.841898  0.052800
  11727.714844  1.843395  0.036600
  11266.427734  1.846099  0.024200
  10802.197266  1.848055  0.031900
  10240.030273  1.850688  0.063000
  9572.284180  1.854538  0.120900
  9053.838867  1.857453  0.191500
  8648.689453  1.860979  0.239600
  8461.041016  1.864772  0.251000
  8550.958984  1.865290  0.237000
  8750.770508  1.866437  0.207900
  9032.639648  1.864670  0.179800
  9238.878906  1.862558  0.164300
  9469.472656  1.857964  0.154500
  9755.031250  1.853267  0.143200
  10009.849609  1.848513  0.128800
  10335.375977  1.838158  0.113500
  10613.808594  1.829048  0.101100
  10773.052734  1.825390  0.095000
  10873.404297  1.823093  0.098000
  10830.931641  1.821439  0.110700
  10732.570313  1.820604  0.127600
  10698.827148  1.819516  0.140100
  10775.299805  1.819262  0.139700
  10958.086914  1.819135  0.126400
  11190.683594  1.818904  0.108000
  11320.953125  1.822245  0.098800
  11310.732422  1.826463  0.105900
  11338.649414  1.831751  0.115800
  11453.145508  1.833308  0.115800
  11654.090820  1.833937  0.107000
  11873.121094  1.835883  0.099600
  11992.409180  1.837683  0.098200
  12151.086914  1.840331  0.095500
  12416.904297  1.844683  0.085700
  12646.967773  1.848186  0.071800
  12812.446289  1.852220  0.060600
  12890.622070  1.856383  0.058100
  12904.742188  1.858920  0.059600
  12905.026367  1.860612  0.058800
  12895.537109  1.859987  0.054800
  12913.817383  1.858784  0.045600
  12959.168945  1.856866  0.032900
  13013.032227  1.855714  0.018900
  12983.968750  1.853804  0.012600
  12768.304688  1.848193  0.028800
  12463.855469  1.840833  0.067300
  12308.031250  1.836692  0.097600
  12398.123047  1.829736  0.094200
  12646.031250  1.824320  0.066800
  12851.593750  1.821240  0.043600
  12922.933594  1.818780  0.037700
  12797.587891  1.815760  0.046900
  12517.085938  1.814114  0.074700
  12175.464844  1.808840  0.107600
  11986.832031  1.806001  0.123800
  11979.303711  1.804863  0.123100
  12032.957031  1.804874  0.106300
  12110.091797  1.805560  0.084300
  12119.119141  1.807036  0.067300
  11882.440430  1.809368  0.058300
  11521.475586  1.812063  0.065000
  10989.264648  1.815778  0.090300
  10327.563477  1.822421  0.126700
  9812.684570  1.827800  0.163400
  9383.801758  1.835450  0.190400
  9071.475586  1.844637  0.203200
  8930.239258  1.850595  0.199900
  8770.507813  1.857389  0.195200
  8638.597656  1.862552  0.197100
  8593.218750  1.864504  0.203300
  8594.597656  1.865663  0.207900
  8724.741211  1.864525  0.201000
  8934.309570  1.863268  0.179400
  9202.208984  1.859871  0.152800
  9431.655273  1.856625  0.131300
  9593.459961  1.854796  0.115400
  9699.155273  1.852782  0.097800
  9619.201172  1.852853  0.083800
  9355.212891  1.853446  0.100800
  8946.680664  1.857283  0.143600
  8596.101563  1.862710  0.179200
  8358.458984  1.868465  0.198100
  8117.625977  1.878510  0.207600
  7948.393066  1.887763  0.209700
  7808.432129  1.896050  0.210500
  7633.522461  1.907657  0.211700
  7509.966797  1.915694  0.213800
  7400.006348  1.923069  0.217100
  7303.284668  1.931537  0.220600
  7264.784180  1.936108  0.221900
  7245.778809  1.940444  0.220900
  7244.171875  1.943830  0.218100
  7260.700684  1.945441  0.213700
  7285.462891  1.947050  0.208300
  7307.014648  1.949412  0.202000
  7310.701660  1.951470  0.195500
  7292.031250  1.955054  0.189300
  7247.083008  1.960556  0.187700
  7184.906250  1.964633  0.193400
  7088.747559  1.971315  0.201900
  6997.530273  1.978938  0.208200
  6941.226074  1.984383  0.212600
  6858.000000  1.993165  0.215100
  6769.218750  2.001568  0.216400
  6696.705078  2.007101  0.220600
  6585.463867  2.014826  0.231700
  6475.617188  2.019771  0.244800
  6393.443848  2.022710  0.253700
  6326.276855  2.025687  0.258700
  6285.783203  2.027370  0.261300
  6259.505371  2.028322  0.261200
  6240.750000  2.029541  0.258600
  6240.736816  2.029760  0.255300
  6246.185059  2.029993  0.254600
  6237.714355  2.030407  0.257600
  6216.583496  2.031018  0.261500
  6192.955078  2.031809  0.263100
  6170.747559  2.033870  0.262600
  6154.301758  2.035576  0.264600
  6133.688477  2.037464  0.270000
  6112.857422  2.039358  0.274900
  6103.863770  2.040450  0.274600
  6110.600586  2.041363  0.268300
  6131.950684  2.042296  0.260300
  6147.417969  2.042496  0.257300
  6156.183594  2.042259  0.257400
  6175.150879  2.041216  0.252400
  6211.625488  2.040155  0.239800
  6259.871094  2.038283  0.228100
  6296.388184  2.036308  0.223700
  6305.356934  2.035226  0.227500
  6288.254883  2.033584  0.237300
  6247.222656  2.032393  0.249600
  6193.333496  2.031655  0.259500
  6162.125000  2.031099  0.261400
  6166.085449  2.031279  0.258900
  6190.452148  2.031454  0.257300
  6210.526367  2.032552  0.259400
  6224.333496  2.033368  0.260300
  6241.816895  2.034092  0.258000
  6251.596680  2.034806  0.255900
  6252.089844  2.035254  0.255100
  6244.414063  2.035244  0.255000
  6237.912109  2.034409  0.255500
  6226.406738  2.032854  0.260700
  6205.888184  2.030106  0.268400
  6198.537109  2.024601  0.272800
  6206.282227  2.019447  0.274000
  6228.845703  2.012587  0.277000
  6271.252441  2.002652  0.283400
  6313.901367  1.994560  0.286200
  6394.298828  1.983785  0.280700
  6529.078613  1.969090  0.270800
  6638.499512  1.958039  0.268100
  6776.768066  1.942083  0.271500
  6957.115234  1.923309  0.268700
  7140.872070  1.910296  0.255800
  7495.928223  1.891815  0.226800
  7972.911621  1.873587  0.175700
  8388.792969  1.862221  0.134700
  8802.199219  1.846274  0.136100
  9024.358398  1.833022  0.174200
  9089.120117  1.824927  0.202800
  9366.522461  1.815765  0.192200
  9740.329102  1.811156  0.169500
  10151.967773  1.809960  0.140400
  10708.487305  1.811621  0.100800
  11215.832031  1.815653  0.040400
  11588.511719  1.822342  0.000100
  11792.867188  1.830949  0.000100
  11725.261719  1.837263  0.000100
  11464.080078  1.847011  0.000100
  11070.472656  1.859752  0.000100
  10783.613281  1.870091  0.000100
  10581.585938  1.880355  0.000100
  10345.907227  1.892901  0.000100
  10174.125977  1.900535  0.000100
  10004.432617  1.907261  0.000100
  9817.702148  1.913577  0.000100
  9689.538086  1.917157  0.000100
  9555.078125  1.920420  0.000100
  9468.384766  1.922691  0.000100
  9461.730469  1.923414  0.000100
  9462.197266  1.923327  0.000900
  9458.234375  1.921867  0.004200
  9453.250000  1.920380  0.007000
  9456.712891  1.917998  0.009200
  9444.314453  1.915440  0.013800
  9422.712891  1.913542  0.016800
  9388.537109  1.910706  0.018200
  9333.817383  1.908069  0.025400
  9262.095703  1.906642  0.038300
  9138.798828  1.904680  0.050000
  9017.091797  1.903331  0.056900
  8921.491211  1.902585  0.063100
  8764.259766  1.902102  0.080600
  8561.157227  1.901588  0.115500
  8312.984375  1.901330  0.156200
  8063.541992  1.900892  0.183400
  7909.511230  1.900590  0.200000
  7806.240234  1.900045  0.216900
  7733.746094  1.899133  0.230000
  7749.431641  1.898400  0.224000
  7859.328613  1.897225  0.197400
  8036.798340  1.896180  0.165900
  8169.389648  1.895540  0.146500
  8278.965820  1.894845  0.127400
  8426.741211  1.894864  0.095400
  8552.943359  1.895034  0.065200
  8587.546875  1.895612  0.059500
  8513.197266  1.896464  0.077800
  8412.986328  1.896950  0.099300
  8334.787109  1.898119  0.113800
  8275.148438  1.899378  0.125100
  8220.140625  1.900000  0.139200
  8150.838867  1.900677  0.155100
  8097.635254  1.901065  0.164900
  8085.099609  1.901476  0.163900
  8115.918945  1.901670  0.154100
  8183.179688  1.902127  0.140100
  8272.047852  1.902470  0.122100
  8374.595703  1.903281  0.102900
  8427.416992  1.904316  0.093500
  8409.450195  1.905495  0.097000
  8335.699219  1.907212  0.108700
  8242.012695  1.909050  0.126200
  8111.396484  1.910290  0.147600
  7952.270020  1.912117  0.162500
  7842.916504  1.913242  0.165800
  7789.596680  1.914088  0.166200
  7760.726563  1.914976  0.172600
  7752.478027  1.915616  0.184500
  7753.100098  1.916087  0.193900
  7782.349121  1.915968  0.188100
  7880.161621  1.915858  0.161200
  7977.975098  1.915306  0.132400
  7994.527344  1.914847  0.124400
  7948.540527  1.914166  0.133000
  7920.762695  1.913356  0.142300
  7894.962402  1.911943  0.154900
  7840.750488  1.910590  0.173800
  7785.535156  1.907930  0.192400
  7783.687988  1.903893  0.201800
  7818.544434  1.900574  0.200300
  7933.550293  1.895534  0.190800
  8092.661621  1.889300  0.176700
  8251.129883  1.885114  0.155200
  8521.013672  1.878457  0.121600
  8848.938477  1.872453  0.079600
