   4.4858170e+03   2.2775856e+00   4.0000000e+00   4.0000000e-01
   4.5485779e+03   2.2984635e+00   4.0000000e+00   4.0000000e-01
   4.6113388e+03   2.3193415e+00   4.0000000e+00   4.0000000e-01
   4.6740998e+03   2.3402194e+00   4.0000000e+00   4.0000000e-01
   4.7368607e+03   2.3610973e+00   4.0000000e+00   4.0000000e-01
   5.0666510e+03   2.1383063e+00   4.0000000e+00   3.5000000e-01
   5.1331984e+03   2.1540386e+00   4.0000000e+00   3.5000000e-01
   5.1997457e+03   2.1697709e+00   4.0000000e+00   3.5000000e-01
   5.2662931e+03   2.1855032e+00   4.0000000e+00   3.5000000e-01
   5.3328404e+03   2.2012355e+00   4.0000000e+00   3.5000000e-01
   5.6618941e+03   2.0280814e+00   4.0000000e+00   3.0000000e-01
   5.7210168e+03   2.0441171e+00   4.0000000e+00   3.0000000e-01
   5.7801396e+03   2.0601527e+00   4.0000000e+00   3.0000000e-01
   5.8392623e+03   2.0761884e+00   4.0000000e+00   3.0000000e-01
   5.8983851e+03   2.0922240e+00   4.0000000e+00   3.0000000e-01
   6.3753018e+03   1.9553757e+00   4.0000000e+00   2.5000000e-01
   6.4344785e+03   1.9677794e+00   4.0000000e+00   2.5000000e-01
   6.4936551e+03   1.9801831e+00   4.0000000e+00   2.5000000e-01
   6.5528318e+03   1.9925868e+00   4.0000000e+00   2.5000000e-01
   6.6120084e+03   2.0049905e+00   4.0000000e+00   2.5000000e-01
   7.1628926e+03   1.8838738e+00   4.0000000e+00   2.0000000e-01
   7.2183547e+03   1.8965805e+00   4.0000000e+00   2.0000000e-01
   7.2738168e+03   1.9092872e+00   4.0000000e+00   2.0000000e-01
   7.3292789e+03   1.9219939e+00   4.0000000e+00   2.0000000e-01
   7.3847410e+03   1.9347006e+00   4.0000000e+00   2.0000000e-01
   8.0838116e+03   1.8280980e+00   4.0000000e+00   1.5000000e-01
   8.1393007e+03   1.8389887e+00   4.0000000e+00   1.5000000e-01
   8.1947898e+03   1.8498794e+00   4.0000000e+00   1.5000000e-01
   8.2502788e+03   1.8607701e+00   4.0000000e+00   1.5000000e-01
   8.3057679e+03   1.8716609e+00   4.0000000e+00   1.5000000e-01
   9.1679909e+03   1.7710963e+00   4.0000000e+00   1.0000000e-01
   9.2346281e+03   1.7807753e+00   4.0000000e+00   1.0000000e-01
   9.3012652e+03   1.7904543e+00   4.0000000e+00   1.0000000e-01
   9.3679024e+03   1.8001334e+00   4.0000000e+00   1.0000000e-01
   9.4345396e+03   1.8098124e+00   4.0000000e+00   1.0000000e-01
   1.0459915e+04   1.7152859e+00   4.0000000e+00   5.0000000e-02
   1.0522851e+04   1.7243599e+00   4.0000000e+00   5.0000000e-02
   1.0585787e+04   1.7334340e+00   4.0000000e+00   5.0000000e-02
   1.0648723e+04   1.7425080e+00   4.0000000e+00   5.0000000e-02
   1.0711659e+04   1.7515821e+00   4.0000000e+00   5.0000000e-02
   1.2167491e+04   1.6509622e+00   4.0000000e+00   0.0000000e+00
   1.2230436e+04   1.6594310e+00   4.0000000e+00   0.0000000e+00
   1.2293381e+04   1.6678997e+00   4.0000000e+00   0.0000000e+00
   1.2356326e+04   1.6763684e+00   4.0000000e+00   0.0000000e+00
   1.2419271e+04   1.6848371e+00   4.0000000e+00   0.0000000e+00
   3.5412003e+03   1.9302159e+00   5.0000000e+00   4.0000000e-01
   3.6461557e+03   1.9689471e+00   5.0000000e+00   4.0000000e-01
   3.7511111e+03   2.0076782e+00   5.0000000e+00   4.0000000e-01
   3.8560665e+03   2.0464094e+00   5.0000000e+00   4.0000000e-01
   3.9610219e+03   2.0851405e+00   5.0000000e+00   4.0000000e-01
   4.0659773e+03   2.1238717e+00   5.0000000e+00   4.0000000e-01
   4.1709328e+03   2.1626028e+00   5.0000000e+00   4.0000000e-01
   4.2758882e+03   2.2013340e+00   5.0000000e+00   4.0000000e-01
   4.3808436e+03   2.2400651e+00   5.0000000e+00   4.0000000e-01
   4.4857990e+03   2.2787963e+00   5.0000000e+00   4.0000000e-01
   4.1655488e+03   1.8587292e+00   5.0000000e+00   3.5000000e-01
   4.2673202e+03   1.8897932e+00   5.0000000e+00   3.5000000e-01
   4.3690916e+03   1.9208572e+00   5.0000000e+00   3.5000000e-01
   4.4708630e+03   1.9519211e+00   5.0000000e+00   3.5000000e-01
   4.5726343e+03   1.9829851e+00   5.0000000e+00   3.5000000e-01
   4.6744057e+03   2.0140491e+00   5.0000000e+00   3.5000000e-01
   4.7761771e+03   2.0451130e+00   5.0000000e+00   3.5000000e-01
   4.8779485e+03   2.0761770e+00   5.0000000e+00   3.5000000e-01
   4.9797198e+03   2.1072410e+00   5.0000000e+00   3.5000000e-01
   5.0814912e+03   2.1383049e+00   5.0000000e+00   3.5000000e-01
   4.8340587e+03   1.8114515e+00   5.0000000e+00   3.0000000e-01
   4.9276853e+03   1.8357903e+00   5.0000000e+00   3.0000000e-01
   5.0213119e+03   1.8601292e+00   5.0000000e+00   3.0000000e-01
   5.1149386e+03   1.8844681e+00   5.0000000e+00   3.0000000e-01
   5.2085652e+03   1.9088070e+00   5.0000000e+00   3.0000000e-01
   5.3021918e+03   1.9331458e+00   5.0000000e+00   3.0000000e-01
   5.3958184e+03   1.9574847e+00   5.0000000e+00   3.0000000e-01
   5.4894451e+03   1.9818236e+00   5.0000000e+00   3.0000000e-01
   5.5830717e+03   2.0061625e+00   5.0000000e+00   3.0000000e-01
   5.6766983e+03   2.0305013e+00   5.0000000e+00   3.0000000e-01
   5.6062703e+03   1.7762706e+00   5.0000000e+00   2.5000000e-01
   5.6917242e+03   1.7957676e+00   5.0000000e+00   2.5000000e-01
   5.7771781e+03   1.8152646e+00   5.0000000e+00   2.5000000e-01
   5.8626321e+03   1.8347617e+00   5.0000000e+00   2.5000000e-01
   5.9480860e+03   1.8542587e+00   5.0000000e+00   2.5000000e-01
   6.0335399e+03   1.8737557e+00   5.0000000e+00   2.5000000e-01
   6.1189939e+03   1.8932527e+00   5.0000000e+00   2.5000000e-01
   6.2044478e+03   1.9127497e+00   5.0000000e+00   2.5000000e-01
   6.2899018e+03   1.9322468e+00   5.0000000e+00   2.5000000e-01
   6.3753557e+03   1.9517438e+00   5.0000000e+00   2.5000000e-01
   6.4377349e+03   1.7483481e+00   5.0000000e+00   2.0000000e-01
   6.5183039e+03   1.7636756e+00   5.0000000e+00   2.0000000e-01
   6.5988730e+03   1.7790030e+00   5.0000000e+00   2.0000000e-01
   6.6794421e+03   1.7943305e+00   5.0000000e+00   2.0000000e-01
   6.7600112e+03   1.8096579e+00   5.0000000e+00   2.0000000e-01
   6.8405803e+03   1.8249854e+00   5.0000000e+00   2.0000000e-01
   6.9211494e+03   1.8403128e+00   5.0000000e+00   2.0000000e-01
   7.0017185e+03   1.8556402e+00   5.0000000e+00   2.0000000e-01
   7.0822876e+03   1.8709677e+00   5.0000000e+00   2.0000000e-01
   7.1628566e+03   1.8862951e+00   5.0000000e+00   2.0000000e-01
   7.4620862e+03   1.7228290e+00   5.0000000e+00   1.5000000e-01
   7.5278729e+03   1.7342568e+00   5.0000000e+00   1.5000000e-01
   7.5936597e+03   1.7456847e+00   5.0000000e+00   1.5000000e-01
   7.6594465e+03   1.7571125e+00   5.0000000e+00   1.5000000e-01
   7.7252333e+03   1.7685403e+00   5.0000000e+00   1.5000000e-01
   7.7910201e+03   1.7799681e+00   5.0000000e+00   1.5000000e-01
   7.8568068e+03   1.7913960e+00   5.0000000e+00   1.5000000e-01
   7.9225936e+03   1.8028238e+00   5.0000000e+00   1.5000000e-01
   7.9883804e+03   1.8142516e+00   5.0000000e+00   1.5000000e-01
   8.0541672e+03   1.8256794e+00   5.0000000e+00   1.5000000e-01
   8.6645199e+03   1.6972933e+00   5.0000000e+00   1.0000000e-01
   8.7188162e+03   1.7052248e+00   5.0000000e+00   1.0000000e-01
   8.7731125e+03   1.7131562e+00   5.0000000e+00   1.0000000e-01
   8.8274088e+03   1.7210877e+00   5.0000000e+00   1.0000000e-01
   8.8817051e+03   1.7290191e+00   5.0000000e+00   1.0000000e-01
   8.9360014e+03   1.7369506e+00   5.0000000e+00   1.0000000e-01
   8.9902977e+03   1.7448820e+00   5.0000000e+00   1.0000000e-01
   9.0445940e+03   1.7528135e+00   5.0000000e+00   1.0000000e-01
   9.0988903e+03   1.7607449e+00   5.0000000e+00   1.0000000e-01
   9.1531866e+03   1.7686764e+00   5.0000000e+00   1.0000000e-01
   1.0134005e+04   1.6765753e+00   5.0000000e+00   5.0000000e-02
   1.0166924e+04   1.6806078e+00   5.0000000e+00   5.0000000e-02
   1.0199842e+04   1.6846402e+00   5.0000000e+00   5.0000000e-02
   1.0232760e+04   1.6886727e+00   5.0000000e+00   5.0000000e-02
   1.0265679e+04   1.6927051e+00   5.0000000e+00   5.0000000e-02
   1.0298597e+04   1.6967376e+00   5.0000000e+00   5.0000000e-02
   1.0331516e+04   1.7007700e+00   5.0000000e+00   5.0000000e-02
   1.0364434e+04   1.7048025e+00   5.0000000e+00   5.0000000e-02
   1.0397352e+04   1.7088349e+00   5.0000000e+00   5.0000000e-02
   1.0430271e+04   1.7128674e+00   5.0000000e+00   5.0000000e-02
