   8.0903222e-04
   8.0903222e-04
   8.1019554e-04
   8.0988332e-04
   8.0880969e-04
   8.0911663e-04
   8.1170991e-04
   8.0911181e-04
   8.1021065e-04
   8.0944907e-04
   8.1062671e-04
   8.0898877e-04
   8.0789354e-04
   8.0908050e-04
   8.0912288e-04
   8.0871317e-04
   8.0642007e-04
   8.0879392e-04
   8.0971866e-04
   8.1456457e-04
   8.0890959e-04
   8.0793367e-04
   8.1099066e-04
   8.0970595e-04
   8.1238475e-04
   8.1439295e-04
   8.1025567e-04
   8.0986973e-04
   8.0579325e-04
   8.0241479e-04
   8.0844359e-04
   8.0857058e-04
   8.1055577e-04
   8.0761195e-04
   8.0692044e-04
   8.0559089e-04
   8.0826726e-04
   8.1370088e-04
   8.0714967e-04
   8.0706039e-04
   8.0677783e-04
   8.0676304e-04
   8.0706813e-04
   8.0573287e-04
   8.0561234e-04
   8.0652037e-04
   8.0517444e-04
   8.0856409e-04
   8.0575830e-04
   8.0467126e-04
   8.0431104e-04
   8.0432645e-04
   8.0527488e-04
   8.0598177e-04
   8.0287445e-04
   8.0298047e-04
