   1.4669887e-02
   1.4669887e-02
   1.4668519e-02
   1.4426274e-02
   1.4599398e-02
   1.4577995e-02
   1.4661232e-02
   1.4670064e-02
   1.4236827e-02
   1.4751789e-02
   1.4793835e-02
   1.4681561e-02
   1.4669491e-02
   1.6199067e-02
   1.4646439e-02
   1.4665228e-02
   1.4663472e-02
   1.4674235e-02
   1.4666890e-02
   1.4239568e-02
   1.4947594e-02
   1.4858748e-02
   1.4665190e-02
   1.5360261e-02
   1.6109548e-02
   1.3342802e-02
   1.4583067e-02
   1.4434428e-02
   1.4547778e-02
   1.4497622e-02
   1.4522626e-02
   1.6125217e-02
   1.3978235e-02
   1.5074630e-02
   1.4531475e-02
   1.4631661e-02
   1.4309659e-02
   1.4152687e-02
   1.4478117e-02
   1.4460227e-02
   1.4465611e-02
   1.4413947e-02
   1.4398345e-02
   1.4644198e-02
   1.4988016e-02
   1.4269922e-02
   1.4490441e-02
   1.4500382e-02
   1.4402492e-02
   1.4275946e-02
   1.5169297e-02
   1.4474195e-02
   1.4714996e-02
   1.4501251e-02
   1.4565630e-02
   1.3799234e-02
