   1.7711043e-02
   1.7711043e-02
   1.7711030e-02
   1.7860972e-02
   1.7714093e-02
   1.7736732e-02
   1.7733308e-02
   1.7711048e-02
   1.8761881e-02
   1.7706983e-02
   1.7685589e-02
   1.7684890e-02
   1.7711037e-02
   1.6598283e-02
   1.7711312e-02
   1.7704707e-02
   1.7725318e-02
   1.7532568e-02
   1.7855648e-02
   1.7782768e-02
   1.7479072e-02
   1.7542215e-02
   1.7999565e-02
   1.6576591e-02
   1.5540974e-02
   1.8787323e-02
   1.7398831e-02
   1.7685980e-02
   1.7618358e-02
   1.7546280e-02
   1.7478733e-02
   1.6492252e-02
   1.8188991e-02
   1.7472867e-02
   1.7519698e-02
   1.7496773e-02
   1.7731608e-02
   1.7767915e-02
   1.7528258e-02
   1.7510884e-02
   1.7491540e-02
   1.7494731e-02
   1.7460787e-02
   1.7266301e-02
   1.7320213e-02
   1.7514644e-02
   1.7325194e-02
   1.7265782e-02
   1.7247081e-02
   1.7017465e-02
   1.6683513e-02
   1.7230079e-02
   1.7042043e-02
   1.6927185e-02
   1.7209559e-02
   1.8108324e-02
