   1.5328174e-07
   1.5328174e-07
   1.5328661e-07
   1.4945309e-07
   1.5224967e-07
   1.4792121e-07
   1.5308401e-07
   1.5327968e-07
   1.4915336e-07
   1.5607494e-07
   1.5820317e-07
   1.5351866e-07
   1.5328402e-07
   1.7142830e-07
   1.5318438e-07
   1.5411961e-07
   1.5317653e-07
   1.5499961e-07
   1.5194486e-07
   1.4877230e-07
   1.5934281e-07
   1.5385702e-07
   1.5066286e-07
   1.6504467e-07
   1.8308407e-07
   1.4343065e-07
   1.5542318e-07
   1.4727034e-07
   1.5213412e-07
   1.5189203e-07
   1.5319539e-07
   1.7086998e-07
   1.4721140e-07
   1.5992099e-07
   1.5053790e-07
   1.5300423e-07
   1.4684821e-07
   1.4686423e-07
   1.5053631e-07
   1.5027726e-07
   1.5010131e-07
   1.4949346e-07
   1.4844539e-07
   1.5326514e-07
   1.5858734e-07
   1.4994480e-07
   1.5106239e-07
   1.5596277e-07
   1.5071165e-07
   1.4974322e-07
   1.5943369e-07
   1.4956019e-07
   1.5772928e-07
   1.5259441e-07
   1.4964991e-07
   1.4372250e-07
